cycle,time_ps,state,lambda_meso,lambda_threo,selected_probability,energy_selected_kj_mol,meso_signed_volume_nm3,threo_signed_volume_nm3,meso_improper_deg,threo_improper_deg,bias_increment
1,5.01,10,1.0,0.0,1.0,-157014.20098850198,-0.002162460644441552,0.0024663278360347292,29.695469376758062,32.67543074371653,5.0
2,5.02,10,1.0,0.0,1.0,-156988.25939462555,-0.0023913399506477343,0.0025118108385035207,30.946466308253378,34.5961446876282,5.0
3,5.03,10,1.0,0.0,1.0,-156983.77617992566,-0.002368973219524376,0.0021622811191032666,32.16112888093662,29.735043293229335,5.0
4,5.04,10,1.0,0.0,1.0,-157055.4085804003,-0.0021300668523226633,0.002260064141250188,29.241864857488633,30.322929981928436,5.0
5,5.05,10,1.0,0.0,1.0,-157006.79837870764,-0.0021110819541063255,0.00269940787843255,27.06523886481517,33.881590256044724,5.0
6,5.06,10,1.0,0.0,1.0,-157053.419548953,-0.002198253304837809,0.0026504806464131532,29.947488748413495,35.34757104568132,5.0
7,5.07,10,1.0,0.0,1.0,-156958.11492910073,-0.002421962636134687,0.002358930171453655,32.6814799769508,33.52816074460693,5.0
8,5.08,10,1.0,0.0,1.0,-157061.29065560605,-0.0024872953430100063,0.0024777762408339592,34.950904205032096,34.31825113347254,5.0
9,5.09,10,1.0,0.0,1.0,-157030.93430954748,-0.002184372437127266,0.0028297366092874974,31.359974521907944,35.56896917453701,5.0
10,5.1,10,1.0,0.0,1.0,-157080.82470331056,-0.0022668708090048794,0.0023836059967217065,31.45444489258077,28.63132085271334,5.0
11,5.11,10,1.0,0.0,1.0,-157030.27438520096,-0.0022139516481054504,0.002422578514153628,28.54884838181812,30.63320605638163,5.0
12,5.12,10,1.0,0.0,1.0,-157034.24298523902,-0.002457649360849079,0.002468668895149756,33.024377416317186,32.40438968247555,5.0
13,5.13,10,1.0,0.0,1.0,-157022.8092541382,-0.002503636441341709,0.002756845020755294,33.710527457421264,36.59427322060991,5.0
14,5.14,10,1.0,0.0,1.0,-157011.90328720352,-0.002190474277229927,0.002649522665301033,31.894238360825966,39.378100800798634,5.0
15,5.15,10,1.0,0.0,1.0,-157099.1504913198,-0.002199050358337878,0.0025241615359121884,29.38927869691744,38.671083287926564,5.0
16,5.16,10,1.0,0.0,1.0,-157028.62029028818,-0.002261505060978295,0.002595788423015097,29.24492684142368,38.05989560643336,5.0
17,5.17,10,1.0,0.0,0.9999999999998637,-157021.49520192025,-0.0021936664786781244,0.002521070080557861,30.58250316041772,35.95585218909967,5.0
18,5.18,10,1.0,0.0,0.9999999999941755,-157066.894018052,-0.0024617001665825475,0.002478221507695829,33.14889270812936,35.63532436831951,5.0
19,5.19,10,1.0,0.0,0.9999999991501294,-156993.53743587268,-0.002410124089647006,0.0026176759747861367,31.97027980269283,35.28475189908939,5.0
20,5.2,10,1.0,0.0,0.9999999999390861,-157062.89871632884,-0.0021532115252220893,0.002600858663988495,31.500840737796935,36.27426027675566,5.0
21,5.21,10,1.0,0.0,0.999999877895168,-156994.11613483846,-0.0024091967459362214,0.00258773445554727,34.01968826070207,33.927741187026975,5.0
22,5.22,10,1.0,0.0,0.9999627414257419,-157065.97714708615,-0.002330400095462693,0.002715235393157483,30.179446055995538,35.013641483750796,5.0
23,5.23,9,0.9,0.09999999999999998,0.8308141199747591,-156758.34132893392,-0.002338406731791311,0.0024218389597906306,30.614958088598964,32.8558519979319,5.0
24,5.24,10,1.0,0.0,0.9139187791929949,-156924.21049361257,-0.0025953790945496494,0.0026038963567846067,34.845379340460525,33.13444018719463,5.0
25,5.25,9,0.9,0.09999999999999998,0.2372400942399511,-156663.4792304881,-0.00233806112772835,0.002564119448524761,34.31512134440846,32.94081240166596,5.0
26,5.26,10,1.0,0.0,0.9911866401494399,-157034.5244387941,-0.0020495526267432533,0.002597656872814047,28.760370926528864,35.48377863640216,5.0
27,5.27,10,1.0,0.0,0.9893159612769673,-157077.79039439184,-0.00232888052618238,0.002595061409464878,29.930706247764064,35.8694654888699,5.0
28,5.28,10,1.0,0.0,0.19339353498710599,-156967.7493627662,-0.0023459283013176264,0.0024021984561256845,32.939104007849224,36.474004673761804,5.0
29,5.29,9,0.9,0.09999999999999998,0.9573153920583699,-156655.94011649565,-0.00240729001211774,0.0024911987958772916,31.658572299555797,32.579488987214354,5.0
30,5.3,9,0.9,0.09999999999999998,0.9998012891885539,-156740.39423804023,-0.002111166501267171,0.002632611299529858,29.380593527293833,35.007861216515906,5.0
31,5.31,9,0.9,0.09999999999999998,0.9999995416584262,-156664.7138716384,-0.0022509201810837053,0.002327183914466523,31.722195716950694,30.097684355216078,5.0
32,5.32,9,0.9,0.09999999999999998,0.9936010271769016,-156846.27507358452,-0.002462441119119463,0.002445435390995805,34.08235148396302,31.059095154705442,5.0
33,5.33,10,1.0,0.0,0.8329499665448848,-157062.04022860364,-0.0020967322445914947,0.0025537989482721083,28.866438062232135,32.22211217516109,5.0
34,5.34,9,0.9,0.09999999999999998,0.8112203501976486,-156590.92833346568,-0.002303945864123391,0.0023550943933971225,28.365762505434223,30.788875696140913,5.0
35,5.35,9,0.9,0.09999999999999998,0.879221085326652,-156736.4311723554,-0.002694887221849792,0.0020402915035624336,34.225911038624496,25.541570221740272,5.0
36,5.36,10,1.0,0.0,0.9156043411545819,-157021.25712275624,-0.002075473579103827,0.0023322777260765945,29.487254096570812,29.71125075251211,5.0
37,5.37,10,1.0,0.0,0.9983392241809916,-156955.4836257093,-0.002267180019802897,0.002771658271338394,32.50521680380569,32.22935441288712,5.0
38,5.38,10,1.0,0.0,0.9999888921482134,-157075.26702440353,-0.0023100691142052114,0.002630975542873631,30.481862908067555,30.162680510294884,5.0
39,5.39,10,1.0,0.0,0.9901848449066903,-156934.2566351075,-0.0023094997099236776,0.0021539904350531595,30.878390702705264,29.435678240587222,5.0
40,5.4,10,1.0,0.0,0.6602101553411875,-157033.05929798796,-0.002531010270027554,0.0023955470825314405,31.745973149707606,31.571163857897588,5.0
41,5.41,9,0.9,0.09999999999999998,0.8361215646356238,-156617.6358820007,-0.002023741160798406,0.0026207703123233084,29.997376964703623,36.932923748533256,5.0
42,5.42,9,0.9,0.09999999999999998,0.8844196509092809,-156643.63309385403,-0.0021042082564432926,0.0024502562372283286,30.97721188812962,34.148496229806454,5.0
43,5.43,9,0.9,0.09999999999999998,0.9665723606167641,-156761.3435773274,-0.002487778269025306,0.002576738304147546,33.37228488443991,35.759238596270464,5.0
44,5.44,10,1.0,0.0,0.28644798374346137,-157058.2539504332,-0.0022214504951616433,0.002389471998273408,29.250874278918783,31.79825458444036,5.0
45,5.45,9,0.9,0.09999999999999998,0.4224855956644893,-156661.62176391596,-0.0023278119570463427,0.002531308479795614,31.09929238702044,33.321313993613295,5.0
46,5.46,8,0.8,0.19999999999999996,0.9893016760771755,-156545.08097769943,-0.002376186732517306,0.002455465494423873,31.802703804107466,32.35687642876944,5.0
47,5.47,8,0.8,0.19999999999999996,0.9225654554027949,-156611.69435269095,-0.002406933457059486,0.002581836503134404,33.98440540914779,33.98667718035642,5.0
48,5.48,8,0.8,0.19999999999999996,0.8728064931639168,-156572.01064248127,-0.002444549924839229,0.00282265659012111,32.61145001256189,33.58962813868367,5.0
49,5.49,9,0.9,0.09999999999999998,0.7950597204277756,-156501.68303365022,-0.0022616877285208696,0.0025339340481052093,31.396225885346347,32.493018534057946,5.0
50,5.5,9,0.9,0.09999999999999998,0.3210396173509218,-156715.49625105245,-0.0026528172308257466,0.0022648780285507504,34.42401588540653,29.521191892133512,5.0
51,5.51,8,0.8,0.19999999999999996,0.9313213020977471,-156647.74358497778,-0.0025517570946593077,0.0023842684795298804,34.7653037427921,31.310237600639013,5.0
52,5.52,10,1.0,0.0,0.2398624031676544,-157025.06464540111,-0.0020249425333194477,0.0025275728196650013,28.378801923355805,30.43568722324262,5.0
53,5.53,10,1.0,0.0,0.6846695748113774,-157012.56775259506,-0.0020267184324640536,0.002707906999395309,28.555555999274638,33.60393889483307,5.0
54,5.54,10,1.0,0.0,0.9711309942817294,-156844.44210425566,-0.002450661409925534,0.0022874229285269627,31.184637102912294,28.23270494172024,5.0
55,5.55,8,0.8,0.19999999999999996,0.03670700631416211,-156526.1320740222,-0.0023146439958068553,0.001864297674927524,29.785517924269524,26.131093648945214,5.0
56,5.56,9,0.9,0.09999999999999998,0.9511274435769784,-156604.4713078149,-0.002054089203557275,0.002367307089962036,28.214430836672932,30.847386689178183,5.0
57,5.57,8,0.8,0.19999999999999996,0.9829437979875912,-156492.5471067326,-0.0021112112164855096,0.0026336023444397793,28.981982606049414,31.40045197708242,5.0
58,5.58,9,0.9,0.09999999999999998,0.9523241939418086,-156628.42629002413,-0.0022954415903352053,0.002045572697494839,33.8534678138225,25.61985323129232,5.0
59,5.59,8,0.8,0.19999999999999996,0.9782392428306586,-156563.2154414558,-0.0023528024594465257,0.0017861530991281657,31.93663674036611,22.046028645269576,5.0
60,5.6,10,1.0,0.0,0.5993224830235306,-156905.88934945327,-0.002233195395004347,0.0022203673037461185,30.40714053427723,26.574137178591844,5.0
61,5.61,10,1.0,0.0,0.6459180699768092,-156866.282154722,-0.002237092129812081,0.0025996071276181794,30.081952702074005,28.89705500987818,5.0
62,5.62,9,0.9,0.09999999999999998,0.9133277411749737,-156703.12408343822,-0.002409300456484388,0.0025181136281643085,33.18912385679537,30.202017519489324,5.0
63,5.63,8,0.8,0.19999999999999996,0.5044909195275666,-156584.6832848035,-0.002288350425997054,0.0022535110942983323,32.139826578221715,28.272371408440947,5.0
64,5.64,9,0.9,0.09999999999999998,0.9641867456736863,-156754.45070636875,-0.002057315426924671,0.0023786135300121304,27.62001558517249,30.609978501734066,5.0
65,5.65,9,0.9,0.09999999999999998,0.19714874757782055,-156603.86090680366,-0.0023484455033006327,0.0022785587146810617,31.237066997055667,29.208111321108674,5.0
66,5.66,10,1.0,0.0,0.9961354870259996,-157058.4086837459,-0.002610342178296004,0.0022643506108162457,36.46482062986195,31.04480588014633,5.0
67,5.67,10,1.0,0.0,0.990616556925787,-156954.91615319432,-0.002260195357546847,0.002655292978487714,30.35793047449877,34.9844296892859,5.0
68,5.68,10,1.0,0.0,0.9999966350703079,-156920.02928200155,-0.0022175612067724016,0.0027100396783949817,29.445730552657423,33.72684455540182,5.0
69,5.69,10,1.0,0.0,0.9952754302602786,-156974.78014254465,-0.002260683795383593,0.002711907799037649,30.507279783197788,34.90309505603273,5.0
70,5.7,9,0.9,0.09999999999999998,0.9360196598904853,-156744.13507881606,-0.002467421993924071,0.0022999818358837975,35.44428895761678,31.428725783466977,5.0
71,5.71,8,0.8,0.19999999999999996,0.9536940396868349,-156526.0859532597,-0.002269124591921018,0.0026780917022139012,30.759432371028332,36.99356033153747,5.0
72,5.72,7,0.7000000000000001,0.29999999999999993,0.9991669508455373,-156484.18423981572,-0.002279584258149052,0.002758226340594555,32.81815544070501,38.38078696290241,5.0
73,5.73,7,0.7000000000000001,0.29999999999999993,0.9982330532576786,-156437.43202832434,-0.0024761789572687177,0.0025973849716300077,33.95336832699369,39.19472619090274,5.0
74,5.74,7,0.7000000000000001,0.29999999999999993,0.7864192311291368,-156430.0568624911,-0.002382489527118532,0.0024254148333759497,32.19729857253674,37.43118021529593,5.0
75,5.75,8,0.8,0.19999999999999996,0.9914985060041374,-156608.94810499862,-0.0022052650265067964,0.0025942040314307687,29.73072532812983,39.67721887752263,5.0
76,5.76,8,0.8,0.19999999999999996,0.7645402122090019,-156452.1084202218,-0.0025549926644396134,0.0027434096919566864,34.79274007225395,39.85440715421916,5.0
77,5.77,7,0.7000000000000001,0.29999999999999993,0.5072308524243464,-156515.29777706583,-0.0023962964789953647,0.0024745123535372428,33.724970600326685,35.92648256721402,5.0
78,5.78,9,0.9,0.09999999999999998,0.8843512293606035,-156586.43147340143,-0.002612596369546411,0.0025083174788467196,36.412174319365306,36.090358764473976,5.0
79,5.79,9,0.9,0.09999999999999998,0.5172173956053462,-156647.39341348698,-0.0023193351412248565,0.0026617714934090196,30.664411419243535,38.372955134346036,5.0
80,5.8,10,1.0,0.0,0.9889905219282543,-156995.56386293855,-0.002228614677682346,0.0026500686908960515,31.241220813393138,39.234858996260954,5.0
81,5.81,10,1.0,0.0,0.9898252415094481,-156945.33827966815,-0.002512504136773745,0.0026793037761074297,33.1376507467756,39.000434955627,5.0
82,5.82,10,1.0,0.0,0.9582801206492857,-156928.11630243808,-0.0023376131009963594,0.0025335628556185977,32.24049860782524,35.77278552810883,5.0
83,5.83,9,0.9,0.09999999999999998,0.21299210755490422,-156683.30814197022,-0.002245248792164357,0.0024242741990380167,33.34559021320308,32.919280017741606,5.0
84,5.84,10,1.0,0.0,0.50436013502772,-157058.68735353556,-0.0023052537974541615,0.0027764931536286854,31.032178441615244,34.43986082042003,5.0
85,5.85,8,0.8,0.19999999999999996,0.9936714645132814,-156489.3741676013,-0.002297075176077492,0.002623814219645791,29.733423225257265,31.988242313203422,5.0
86,5.86,7,0.7000000000000001,0.29999999999999993,0.9904223452561827,-156587.53680087632,-0.002571785869799892,0.002283294430023941,35.1431834465515,29.14314988529795,5.0
87,5.87,6,0.6000000000000001,0.3999999999999999,0.9972853431790818,-156389.08848614496,-0.002474332801091057,0.0027507907881417454,31.51774219921852,30.169699689842716,5.0
88,5.88,7,0.7000000000000001,0.29999999999999993,0.8396024816832186,-156435.953171828,-0.0020974647425275905,0.002963855386435027,32.043470119905756,31.415153749393234,5.0
89,5.89,6,0.6000000000000001,0.3999999999999999,0.7333116966566688,-156435.36853087752,-0.0023077235044961543,0.0020785183277641957,33.46033425044105,22.58208851177246,5.0
90,5.9,6,0.6000000000000001,0.3999999999999999,0.61811201569664,-156348.05460650744,-0.0026376780483176173,0.0022087988340128316,34.06463191079259,25.95039560974029,5.0
91,5.91,5,0.5,0.5,0.4465097164137582,-156434.17440066292,-0.002527014963048998,0.002883797016733593,33.68962477976883,30.493411752909942,5.0
92,5.92,4,0.4,0.6,0.05096221105688773,-156302.8858597662,-0.00206147132587818,0.002774283203738127,29.541278940331974,28.455082775843934,5.0
93,5.93,3,0.30000000000000004,0.7,0.5265721732529767,-156335.50494449257,-0.002433575895610126,0.0023009604694509546,35.68923550520021,22.827184758490755,5.0
94,5.94,3,0.30000000000000004,0.7,0.0027917877538488965,-156332.71260964888,-0.0027800042527828185,0.0022314610836938723,36.65441208467206,22.611983738223394,5.0
95,5.95,2,0.2,0.8,0.8921407991095637,-156406.46350546693,-0.0022463155091103798,0.0025032645285115685,30.035569630763526,28.271560368752148,5.0
96,5.96,1,0.1,0.9,0.9999804593800722,-156485.61677542797,-0.0025241031288740327,0.003051042883099295,31.975437741725873,35.02833543086022,5.0
97,5.97,1,0.1,0.9,0.999999402177253,-156332.59690430036,-0.002842163606122999,0.002536287049541986,34.26523320841551,27.888132597927566,5.0
98,5.98,1,0.1,0.9,0.9997363877859863,-156514.07057849568,-0.0021386136004169953,0.002364486824731309,27.771337442454136,25.83293603241672,5.0
99,5.99,1,0.1,0.9,0.998112165386339,-156374.06080909987,-0.0022999761499578,0.002690966429504999,29.08259819891824,25.915127471893694,5.0
100,6.0,1,0.1,0.9,0.9933288426791312,-156389.2312558349,-0.0024849256174655156,0.002445499620895502,34.85736205330138,25.74267089176358,5.0
101,6.01,2,0.2,0.8,0.7762337526039721,-156388.33432775392,-0.0024821171005048282,0.0024210852737955,35.10778276359522,26.78586646723552,5.0
102,6.02,2,0.2,0.8,0.9996107395664305,-156377.4837631704,-0.002385121195663264,0.0028046587770273494,32.44524959227416,29.271392358632973,5.0
103,6.03,5,0.5,0.5,0.5101705921106441,-156399.51919212178,-0.002484835193427573,0.0024907217507526645,32.34335732189022,24.954521230389258,5.0
104,6.04,6,0.6000000000000001,0.3999999999999999,0.8603722475306291,-156318.56935131786,-0.00261931445163794,0.002141247141015829,33.53442066891986,21.78773585346772,5.0
105,6.05,7,0.7000000000000001,0.29999999999999993,0.9794753862147085,-156435.24355435927,-0.0025188491752837997,0.0025083216956687023,34.318364736280635,26.265223139457337,5.0
106,6.06,8,0.8,0.19999999999999996,0.9724777944852772,-156464.76669070142,-0.0025483654195011273,0.003037646376732645,35.57099112672396,30.049232382900207,5.0
107,6.07,8,0.8,0.19999999999999996,0.90579584646516,-156510.73998424213,-0.002183373582861324,0.0022953642751236962,33.36458409197896,26.779352512007122,5.0
108,6.08,9,0.9,0.09999999999999998,0.9309995434221248,-156617.66686979277,-0.0023055365675859205,0.0020573439295658172,31.780178885722165,26.583970544633793,5.0
109,6.09,8,0.8,0.19999999999999996,0.7599587747216356,-156515.14138636118,-0.0023702618140173334,0.0024238965246199877,29.106325878194415,32.57768405696967,5.0
110,6.1,7,0.7000000000000001,0.29999999999999993,0.8639632279265415,-156455.2160482485,-0.00217920336591088,0.0022684452392684657,28.0037084342428,36.13422425072112,5.0
111,6.11,7,0.7000000000000001,0.29999999999999993,0.9679924944835514,-156361.7091225979,-0.0024616287044179896,0.0026170079786259825,32.20814728791698,38.13824176179636,5.0
112,6.12,8,0.8,0.19999999999999996,0.6523776833121129,-156495.80483793287,-0.002096122686648488,0.0026906705243014586,29.126752798074115,36.80659503601869,5.0
113,6.13,9,0.9,0.09999999999999998,0.9978922747276393,-156573.69585945655,-0.001971517993607389,0.002318440338491484,29.05839520047415,33.39283681462583,5.0
114,6.14,7,0.7000000000000001,0.29999999999999993,0.01026361963251937,-156338.98931242333,-0.0024294279334851018,0.0023115392699397845,31.172102666172165,31.472082895080494,5.0
115,6.15,6,0.6000000000000001,0.3999999999999999,0.9987792271983367,-156439.15797354918,-0.0024214567356505476,0.0024931856491459794,32.02197978408665,33.82222706014663,5.0
116,6.16,5,0.5,0.5,0.8511107334111577,-156363.11567640604,-0.002484691844712307,0.0029240795167137412,33.16077957257044,33.50400802403123,5.0
117,6.17,6,0.6000000000000001,0.3999999999999999,0.3109264236522939,-156219.3397001299,-0.0024790605328379764,0.0029301183095605103,34.05851746188127,30.225353760340646,5.0
118,6.18,5,0.5,0.5,0.5512289693467569,-156387.1385607369,-0.0022377526610857052,0.0021056128053286082,31.405808017998943,21.54404229015584,5.0
119,6.19,4,0.4,0.6,0.9697262132736795,-156336.19786026605,-0.0025265005002527868,0.002235566243416636,34.486035337900596,23.83107609374098,5.0
120,6.2,3,0.30000000000000004,0.7,0.5489020125838604,-156448.64702358106,-0.0027790868290925074,0.0030902170617296302,35.579873212616455,34.22663637983792,5.0
121,6.21,4,0.4,0.6,0.575565493842329,-156274.79035602865,-0.0026675972689399565,0.002712060571862791,35.784006120023335,31.268001881374442,5.0
122,6.22,3,0.30000000000000004,0.7,0.20341592218699123,-156313.45677272734,-0.0021736352625576928,0.0025257328202118122,30.481204208884634,29.11557437568474,5.0
123,6.23,2,0.2,0.8,0.92732550523374,-156361.7283787549,-0.002235750325342234,0.0028657661249874176,30.781433407813523,29.35892616577216,5.0
124,6.24,1,0.1,0.9,0.2809465334274066,-156365.4672016975,-0.002472814739594442,0.0026200478161190924,33.595404464970855,28.528307705005247,5.0
125,6.25,1,0.1,0.9,0.9441860071964897,-156368.2057757795,-0.002868492550556361,0.002679728427414414,36.839508592254845,30.374426947125663,5.0
126,6.26,2,0.2,0.8,0.9958516046808444,-156283.09926425674,-0.002635744888097111,0.003010202175636783,33.09860024477036,36.574892159619964,5.0
127,6.27,2,0.2,0.8,0.8541838597518604,-156233.92011875092,-0.002295406561996154,0.0027175277743027885,27.731281405528158,32.578353428443684,5.0
128,6.28,3,0.30000000000000004,0.7,0.6673097178654621,-156331.13380755644,-0.0021176846190122806,0.002451349278236162,27.819572951187936,29.491704591122282,5.0
129,6.29,4,0.4,0.6,0.8667266224541629,-156311.3757671267,-0.0022653790147983657,0.002585871277750562,31.783367325599993,29.659276535277645,5.0
130,6.3,5,0.5,0.5,0.8717962666300784,-156290.41330448454,-0.002548207270381104,0.00281625397950332,37.5340104188081,31.309420467802518,5.0
131,6.31,6,0.6000000000000001,0.3999999999999999,0.90368468639125,-156315.17350599432,-0.0026555109205423605,0.002807439856653893,37.12133977599828,30.16920978312198,5.0
132,6.32,7,0.7000000000000001,0.29999999999999993,0.5607860278096853,-156452.3994179721,-0.002434542704280437,0.002300621974104279,31.60476169764541,25.42816185809767,5.0
133,6.33,5,0.5,0.5,0.22881965145329036,-156235.02091988767,-0.0021618825747493505,0.002487966322926483,26.586451501811514,27.583617451484713,5.0
134,6.34,4,0.4,0.6,0.9697925076718626,-156411.51100867914,-0.0022609797899233804,0.0027735324102252995,31.241913879455687,33.12627389159445,5.0
135,6.35,3,0.30000000000000004,0.7,0.7333620706870382,-156308.61380826661,-0.002608394695331093,0.002855294011588367,36.47009580313721,35.321804543254906,5.0
136,6.36,4,0.4,0.6,0.8977194776367776,-156224.80984937362,-0.0027137893831187584,0.002667096472843978,38.52920004457847,29.089488703905,5.0
137,6.37,6,0.6000000000000001,0.3999999999999999,0.2824620226770329,-156437.7320455592,-0.002336101408073521,0.0027010709802556864,32.004822245699316,26.854145539810013,5.0
138,6.38,5,0.5,0.5,0.9274469653485364,-156387.63103211042,-0.0021906490894368726,0.0026526015701228344,29.264742604357618,26.79246421841655,5.0
139,6.39,6,0.6000000000000001,0.3999999999999999,0.8414742705473717,-156354.41950376067,-0.002316238415052575,0.002670417128091182,30.504647522639758,29.546084419586197,5.0
140,6.4,7,0.7000000000000001,0.29999999999999993,0.9197872869883557,-156421.1479993215,-0.002626793907549061,0.0025809728750292565,35.907927376366594,33.90325914397701,5.0
141,6.41,8,0.8,0.19999999999999996,0.9801554490562713,-156397.57055133645,-0.0027655043818598183,0.002653845724672293,36.05208934958986,32.72950959392286,5.0
142,6.42,9,0.9,0.09999999999999998,0.8472092562345919,-156635.34234528567,-0.0021914614892375324,0.0025640975458497218,30.367604770489738,31.440552455781347,5.0
143,6.43,10,1.0,0.0,0.5474548598795227,-156867.6068321092,-0.002234776658357511,0.002444082676693742,30.733573090396455,28.490560296186523,5.0
144,6.44,10,1.0,0.0,0.9882978194926295,-156798.13693959574,-0.002245796150376109,0.0023233639348734583,29.281873469504717,29.62831655581196,5.0
145,6.45,10,1.0,0.0,0.9997715318354375,-156792.16215424318,-0.0023002176461672484,0.002192832138676347,31.420786364652773,30.937064862649994,5.0
146,6.46,10,1.0,0.0,0.9998912661567945,-156887.4380734479,-0.0022283162646681586,0.002671137035654093,29.445681948052094,37.48141945350915,5.0
147,6.47,10,1.0,0.0,0.9561212523594076,-156747.30788953963,-0.002266811811499037,0.0024743034794265113,32.699257834544376,35.468636284316396,5.0
148,6.48,10,1.0,0.0,0.6701529128636036,-156870.924697768,-0.0022509512710780456,0.0023745194056081003,29.941633710096035,33.69963806983219,5.0
149,6.49,10,1.0,0.0,0.957332608996535,-156970.76115984312,-0.002210172202907762,0.0026074429519685185,28.033241711682855,35.89195938346959,5.0
150,6.5,9,0.9,0.09999999999999998,0.9999646281127907,-156599.0879962007,-0.0022405941791867777,0.002534444158313236,32.83321274663386,34.589222628012905,5.0
151,6.51,9,0.9,0.09999999999999998,0.9999984157786568,-156589.1565684747,-0.0023008547355862206,0.00268137248522378,33.72028916605661,34.27800109766059,5.0
152,6.52,9,0.9,0.09999999999999998,0.7082363977934519,-156699.6338358198,-0.002401907018748633,0.0025262424824562353,36.01052080163538,31.38246272178257,5.0
153,6.53,8,0.8,0.19999999999999996,0.9994535566949717,-156477.61989063537,-0.002314510613755867,0.0023270454077519652,28.941927978214316,29.145427686475692,5.0
154,6.54,8,0.8,0.19999999999999996,0.9979110470790876,-156492.58580606405,-0.00258689299347811,0.0021016486195948765,32.53440382959122,26.513978547880537,5.0
155,6.55,8,0.8,0.19999999999999996,0.7393687698574875,-156541.34787053734,-0.002361590921253911,0.002597026199395525,31.51209421105819,34.92205317219481,5.0
156,6.56,7,0.7000000000000001,0.29999999999999993,0.9943743891710498,-156305.92758438637,-0.0024691783896501045,0.0029539352787919452,33.63017637351505,35.88395739118271,5.0
157,6.57,0,0.0,1.0,0.9999999999999962,-156251.25112176346,-0.0023234041768968863,0.0023132110334689727,33.11340067160725,30.81264273332073,5.0
158,6.58,0,0.0,1.0,1.0,-156567.68364525976,-0.002414997692744977,0.0023562700182425105,32.01363998616092,34.743377777502324,5.0
159,6.59,0,0.0,1.0,1.0,-156416.51532934725,-0.002781937057455007,0.002967459684777119,30.35396028602433,43.08066165417655,5.0
160,6.6,0,0.0,1.0,1.0,-156467.81788044254,-0.0021222235693414797,0.00214333735425135,25.399049269142804,33.407294364268076,5.0
161,6.61,0,0.0,1.0,1.0,-156465.25657511357,-0.0020254544244593456,0.0021157588952705796,28.19768723259251,30.618140867159088,5.0
162,6.62,0,0.0,1.0,1.0,-156548.28114166512,-0.0025796473518780007,0.0027444616589445583,32.54922526390166,33.28890990666783,5.0
163,6.63,0,0.0,1.0,1.0,-156328.25546049932,-0.0023089062730456958,0.0022777559719958274,39.94000791567404,34.80410067048984,5.0
164,6.64,0,0.0,1.0,1.0,-156461.38236658974,-0.002752758464169406,0.0028314360596932912,38.21726828497094,37.449835697892645,5.0
165,6.65,0,0.0,1.0,1.0,-156439.03098288918,-0.0029027270057980763,0.002642131889593436,39.05522454153118,35.883220209782834,5.0
166,6.66,0,0.0,1.0,1.0,-156560.0500306637,-0.002246600451351323,0.002142387275285757,28.996754658476622,32.43888622153821,5.0
167,6.67,0,0.0,1.0,1.0,-156450.01404731008,-0.0028857528418181834,0.00273560788860573,30.1225361474354,35.63603198809388,5.0
168,6.68,0,0.0,1.0,1.0,-156492.46448945368,-0.0025029998868929333,0.002524430206066219,30.034354813244274,38.617993185377145,5.0
169,6.69,0,0.0,1.0,1.0,-156409.82291558792,-0.002574174158348979,0.0025423410585300498,32.606819883421615,36.43942939518848,5.0
170,6.7,0,0.0,1.0,1.0,-156441.31825631857,-0.0026869946877591086,0.0027586453588968017,35.227817640975594,34.9478230970865,5.0
171,6.71,0,0.0,1.0,1.0,-156472.96210853703,-0.002151562407302575,0.002283081205770068,29.60984463822146,34.28258995373943,5.0
172,6.72,0,0.0,1.0,1.0,-156531.25246757898,-0.002916159534485865,0.002455526035384881,37.155291176151316,35.60788452879184,5.0
173,6.73,0,0.0,1.0,1.0,-156502.69189244215,-0.002719124485475976,0.0023525648428992536,38.87618272591813,36.459347807484605,5.0
174,6.74,0,0.0,1.0,1.0,-156356.9402264065,-0.0024047698811556074,0.0025207829110825233,37.22000749410136,37.96054810032574,5.0
175,6.75,0,0.0,1.0,1.0,-156447.32180544775,-0.0025750483121357525,0.002668230139359371,37.96093898430607,34.43823685265204,5.0
176,6.76,0,0.0,1.0,1.0,-156531.80031914156,-0.00254690048998286,0.0024494459064991194,34.429028336123615,34.30812551773649,5.0
177,6.77,0,0.0,1.0,0.9999999999999958,-156519.90058826536,-0.002819542316219346,0.002260591701666958,35.62315765685456,30.190292905419188,5.0
178,6.78,0,0.0,1.0,0.999999999976084,-156549.7071618323,-0.002199122407775516,0.002511108610623444,28.507128227051286,37.563186594498454,5.0
179,6.79,0,0.0,1.0,0.9999999999952829,-156492.77979110047,-0.0024593218789087075,0.002548304093426639,31.73028656173814,37.03218464684885,5.0
180,6.8,0,0.0,1.0,0.999999999736674,-156432.82720550406,-0.002584852103005454,0.0025064977731925307,30.93788822913704,36.46704599926011,5.0
181,6.81,0,0.0,1.0,0.9999999995844049,-156530.3595541972,-0.0024897885036066964,0.0026594486370962052,29.79847336707988,37.97369265044137,5.0
182,6.82,0,0.0,1.0,0.99999959771583,-156452.64094563993,-0.002609093991215041,0.0025190304717915236,31.246087406452638,34.523101979051454,5.0
183,6.83,0,0.0,1.0,0.9999936439358442,-156408.96225729896,-0.00251057039116836,0.0024022261453720854,31.39710604979079,33.56373646994346,5.0
184,6.84,1,0.1,0.9,0.07268403967204197,-156320.385170501,-0.00252528217986994,0.0024424430988014265,34.65165129816677,35.168565697308004,5.0
185,6.85,0,0.0,1.0,0.7763837211088209,-156513.78397425378,-0.0024777121872685496,0.0025894594857049876,34.868557429833665,37.11035482779637,5.0
186,6.86,1,0.1,0.9,0.9977278919890139,-156310.27104723864,-0.0022526448794900687,0.0025545269644222913,34.578103332663275,36.26251648340019,5.0
187,6.87,1,0.1,0.9,0.9998560707644539,-156254.2653683394,-0.002196161692027992,0.002598586145094881,26.855501151795735,35.747270161094406,5.0
188,6.88,2,0.2,0.8,0.6285693617570647,-156305.15550647493,-0.0023641063136642334,0.0021338961895660384,28.764162258151792,33.19232977823711,5.0
189,6.89,1,0.1,0.9,0.9889706339634727,-156289.46534365325,-0.00252954540379896,0.0023228672009303116,27.51587006724149,33.453631298925885,5.0
190,6.9,2,0.2,0.8,0.6286088107092387,-156311.52578669746,-0.002306020592628822,0.0025890610418339514,29.830149407892964,39.177252408104266,5.0
191,6.91,4,0.4,0.6,0.19193358047544784,-156211.00837633063,-0.0022381096400555913,0.002595979852223816,30.14805698648257,37.21422797480864,5.0
192,6.92,7,0.7000000000000001,0.29999999999999993,0.11293684601530002,-156330.93442857542,-0.002619562457090831,0.002434801170416508,33.480903313726216,35.39510879653136,5.0
193,6.93,6,0.6000000000000001,0.3999999999999999,0.974040707834605,-156232.95519442981,-0.0024341722732335648,0.0024362021642411,27.87488599418958,33.3432213903288,5.0
194,6.94,5,0.5,0.5,0.8486745077542536,-156210.3931217868,-0.0023994370518245424,0.002392802574277678,29.35115307756914,30.458789636272837,5.0
195,6.95,7,0.7000000000000001,0.29999999999999993,0.33093453094223957,-156384.756782066,-0.0023947729578060453,0.002497483573096771,31.685063315643998,31.23683556634747,5.0
196,6.96,8,0.8,0.19999999999999996,0.8600521336188205,-156450.56987042679,-0.0022950896581738784,0.002477384562714758,32.358988287597676,35.93324499957427,5.0
197,6.97,9,0.9,0.09999999999999998,0.9884646390752955,-156499.06130490953,-0.0025526675985051515,0.002610282507270124,30.00540289924349,36.87652268900941,5.0
198,6.98,9,0.9,0.09999999999999998,0.7822857674972088,-156350.96793382298,-0.0024544950230546473,0.002441257808661816,29.125046486996588,36.4123290269532,5.0
199,6.99,8,0.8,0.19999999999999996,0.6669832091043708,-156495.2558974689,-0.0022435517812707073,0.002310005704909911,29.056649195078947,33.54746868138051,5.0
200,7.0,9,0.9,0.09999999999999998,0.9926268834985116,-156467.64973212266,-0.002393093689088434,0.0024445395610543067,30.915710507554937,28.764518829148088,5.0
201,7.01,9,0.9,0.09999999999999998,0.8354754400019292,-156556.15474635738,-0.0021443443856727796,0.0025946602414023785,30.75961467369591,33.488811273227824,5.0
202,7.02,8,0.8,0.19999999999999996,0.8966634204703058,-156285.03876745937,-0.002485685969795311,0.0022177101072418668,30.409980954728596,28.12217192229151,5.0
203,7.03,9,0.9,0.09999999999999998,0.27334467664004336,-156639.62145536908,-0.0023958852843743695,0.0022759331500468317,30.39106394831632,32.753998944370146,5.0
204,7.04,7,0.7000000000000001,0.29999999999999993,0.7923791807335753,-156230.92074253992,-0.0025146909953982165,0.002573690964412068,31.577645546940506,32.73546371434777,5.0
205,7.05,8,0.8,0.19999999999999996,0.5688536567991266,-156358.79025568266,-0.0024921657188943674,0.002693395831791228,33.16855239433844,33.59615375750897,5.0
206,7.06,7,0.7000000000000001,0.29999999999999993,0.04421907515400489,-156317.03564862124,-0.0021361227120829914,0.0023705754624741256,28.925172101983378,29.932765561412868,5.0
207,7.07,6,0.6000000000000001,0.3999999999999999,0.9983599510538554,-156388.35197616115,-0.00242729169012194,0.002324169347594008,30.640656355284204,31.01346796219221,5.0
208,7.08,5,0.5,0.5,0.5837586123214629,-156138.49634175928,-0.0026052573598263147,0.0026413346389703215,29.59885857952224,34.69311898426861,5.0
209,7.09,3,0.30000000000000004,0.7,0.9008071225095765,-156134.3762804292,-0.0022683791377607026,0.0021320905746216963,30.448896778391664,35.09528580131687,5.0
210,7.1,3,0.30000000000000004,0.7,0.19661000000967774,-156129.55481019907,-0.0024063006222769757,0.002455769382203452,28.311958319667042,35.83763016220368,5.0
211,7.11,2,0.2,0.8,0.26360886154620344,-156264.438639628,-0.002435644036165603,0.0025630786837648445,32.35167680194298,37.10167489080352,5.0
212,7.12,4,0.4,0.6,0.8697814975285981,-156188.83256399143,-0.0021005627361375926,0.0026369178102035153,25.948048387137707,35.88903367231463,5.0
213,7.13,1,0.1,0.9,0.9892091938467199,-156324.36011114033,-0.002527069210363349,0.0024420485755235004,31.77262287525298,35.83216472480558,5.0
214,7.14,0,0.0,1.0,0.4307507106271033,-156564.90792749944,-0.002700032982795611,0.0021567390455055012,33.69854998458815,30.24174672595714,5.0
215,7.15,0,0.0,1.0,0.133332389988329,-156466.97644299947,-0.0022975510367419317,0.002467606550423327,31.295462027798788,37.555733787968414,5.0
216,7.16,1,0.1,0.9,0.930766405347404,-156240.3570674666,-0.0023950304344392123,0.0028128264387547713,30.49027286958919,37.260895410923425,5.0
217,7.17,1,0.1,0.9,0.8103224353383357,-156328.3000318826,-0.0023435595937861767,0.0027406117918697976,29.227820593454,40.46485680445556,5.0
218,7.18,2,0.2,0.8,0.45332086184129444,-156222.35936145214,-0.002549253645522,0.002292348438466366,30.444701504032807,35.956506875762976,5.0
219,7.19,2,0.2,0.8,0.5641879886120164,-156179.5764545884,-0.0022494523209853207,0.0020877180124124826,27.130997060706676,33.32948823157159,5.0
220,7.2,3,0.30000000000000004,0.7,0.9677909741010903,-156252.78284264082,-0.002319677098519601,0.002186802570783868,33.106384792344834,32.328160038817174,5.0
221,7.21,4,0.4,0.6,0.8399301142820504,-156276.1759246452,-0.0023631055955173085,0.002810082666802764,31.407867357011476,35.95555481019134,5.0
222,7.22,6,0.6000000000000001,0.3999999999999999,0.8957472799101587,-156351.91790295584,-0.0022047791994028293,0.0028232233274174305,29.070756997758163,38.87617738389611,5.0
223,7.23,5,0.5,0.5,0.5211652648172344,-156093.98515113795,-0.0025818760288121496,0.0024378501182211213,29.01269141382389,33.48900767137863,5.0
224,7.24,6,0.6000000000000001,0.3999999999999999,0.9369014253040727,-156379.93417287804,-0.0026814421268373484,0.002254228155824544,30.61621900800546,33.71244267461861,5.0
225,7.25,6,0.6000000000000001,0.3999999999999999,0.15685264632090978,-156262.49569209493,-0.0024121783520281376,0.00226015294284634,31.144470549724787,28.75249075337062,5.0
226,7.26,7,0.7000000000000001,0.29999999999999993,0.9800304674835009,-156251.5066348012,-0.0023642852730452217,0.0026448008907267537,34.20104630978775,32.74014889622141,5.0
227,7.27,8,0.8,0.19999999999999996,0.6815388915627677,-156519.7120045361,-0.002383701934049174,0.0027438368737962115,30.568037648572,32.44381494592545,5.0
228,7.28,7,0.7000000000000001,0.29999999999999993,0.775858747594139,-156209.738333106,-0.0024337987104351582,0.0024442209208032166,30.057534144460497,36.55029774099471,5.0
229,7.29,5,0.5,0.5,0.9559597897413469,-156327.31348403223,-0.0028267355637033057,0.0023863357927469964,32.149158400679816,33.15340890260198,5.0
230,7.3,4,0.4,0.6,0.7903620041489007,-156278.3410507878,-0.002004122837878837,0.002406410336615871,27.53400369513769,35.962392230037636,5.0
231,7.31,2,0.2,0.8,0.0040361661073018106,-156220.3953592686,-0.001997726633569027,0.0025815241982967817,27.553229338919767,35.26786948062682,5.0
232,7.32,1,0.1,0.9,0.7950173685752935,-156329.9217277949,-0.0023788189673340007,0.0025921913518622726,29.895536104814912,36.76759481228022,5.0
233,7.33,0,0.0,1.0,0.9170929349374203,-156554.04353248468,-0.0026150959414098563,0.0021887702585685997,32.17920199098423,35.66560048596694,5.0
234,7.34,0,0.0,1.0,0.9956356596751456,-156478.9162233947,-0.0027688341718749452,0.0022651208768486126,33.75679480643116,33.53433380986955,5.0
235,7.35,1,0.1,0.9,0.6662504709902116,-156270.43269084216,-0.002236586395620701,0.002819499846062102,29.6415483071649,37.10753711964184,5.0
236,7.36,3,0.30000000000000004,0.7,0.8992157125055523,-156322.1267209604,-0.0020168813575823894,0.0027071488348321413,28.668809294756514,40.81875015932745,5.0
237,7.37,4,0.4,0.6,0.3623771299542928,-156287.91103574453,-0.0025526095334338756,0.002308443389363375,31.089923526422265,33.67043910465702,5.0
238,7.38,5,0.5,0.5,0.9438219101123061,-156274.70887476223,-0.002579798018434424,0.002125096507816173,30.95585948638649,31.80317770437662,5.0
239,7.39,7,0.7000000000000001,0.29999999999999993,0.11776996321714034,-156290.0807842636,-0.0023124117571687963,0.002401745812903564,28.005970314805094,31.81304455701936,5.0
240,7.4,8,0.8,0.19999999999999996,0.5651059458634209,-156607.45010280854,-0.002409033942351811,0.002872309841487343,30.532864622938114,34.30700515724156,5.0
241,7.41,6,0.6000000000000001,0.3999999999999999,0.7030710640484297,-156387.80345954068,-0.002346530674334075,0.002520260408952582,34.83278084128753,35.41651958920592,5.0
242,7.42,6,0.6000000000000001,0.3999999999999999,0.6825234451442729,-156295.38553483848,-0.002534135568457832,0.0022126573840246634,32.71729822217795,30.72716426193298,5.0
243,7.43,5,0.5,0.5,0.9765218451157939,-156191.56692835267,-0.0023926344584943005,0.0025420963127315032,28.04982663405632,37.5405758912149,5.0
244,7.44,4,0.4,0.6,0.24410327631304982,-156360.83392483968,-0.0023994026721663965,0.002411838361058739,27.013790509888384,32.309881103177865,5.0
245,7.45,3,0.30000000000000004,0.7,0.9806984129450751,-156269.8518554765,-0.002373175749142745,0.0022961192916281068,31.32910984836139,31.414328523999064,5.0
246,7.46,2,0.2,0.8,0.8895544994539963,-156292.97788759365,-0.0024596389240921883,0.0025957385646462245,34.0992130483926,33.02794799853912,5.0
247,7.47,3,0.30000000000000004,0.7,0.9758609690131548,-156284.68930453094,-0.0023522262380272934,0.002809238320372798,32.24583711955275,40.152696769548214,5.0
248,7.48,2,0.2,0.8,0.5304858117554221,-156358.09796632774,-0.002379726703253609,0.0022976815669125553,28.695172809095677,34.42560285419153,5.0
249,7.49,0,0.0,1.0,0.7436414202425309,-156595.86756658225,-0.002334681218057045,0.0021621392273946326,27.192735085724454,33.31751307187219,5.0
250,7.5,1,0.1,0.9,0.14122288717474138,-156281.85978887998,-0.0021604973151590707,0.0024846653445196637,25.84682213937301,36.07567002782974,5.0
251,7.51,0,0.0,1.0,0.2524918834817169,-156578.82175995025,-0.0024445559178897193,0.0028553782916138715,30.994472319972704,40.25512229208739,5.0
252,7.52,0,0.0,1.0,0.3883529589548811,-156502.643763042,-0.0028025392296337436,0.0023424137594778797,38.61633951916025,36.77926886764869,5.0
253,7.53,1,0.1,0.9,0.4757895754123522,-156347.84863544488,-0.0023106936456274057,0.0022568500803729153,30.809856690873193,31.72976071079981,5.0
254,7.54,0,0.0,1.0,0.8264522346462198,-156515.37880684005,-0.0021792833053031328,0.0025959530781825718,28.682367463890927,34.170302726793224,5.0
255,7.55,1,0.1,0.9,0.8152180492286653,-156309.81274559218,-0.0024231240798139294,0.00253865791167064,28.48181428402212,35.361281300972486,5.0
256,7.56,2,0.2,0.8,0.798675189188868,-156325.18561697364,-0.0025137235527415078,0.002411686218889594,32.29341139560757,40.10586862054612,5.0
257,7.57,3,0.30000000000000004,0.7,0.9806821606456136,-156151.67912539566,-0.002435614869930432,0.002542302341869423,30.06597916700259,38.32760595059923,5.0
258,7.58,5,0.5,0.5,0.8276765854597491,-156333.04961126327,-0.0022886171400809665,0.002436990239171198,31.79155960196119,35.566353877476665,5.0
259,7.59,4,0.4,0.6,0.8863044698603645,-156344.68653937543,-0.0023347607964317126,0.0024248299895458267,27.943264400659835,29.959211321293633,5.0
260,7.6,5,0.5,0.5,0.3121492028394243,-156303.4307969128,-0.0023894141951478986,0.00241064365485638,29.95943702754957,32.0148805895607,5.0
261,7.61,7,0.7000000000000001,0.29999999999999993,0.3694876951093706,-156500.0350325855,-0.0027741041799791977,0.002570093184715839,33.70243631227843,34.96664973263116,5.0
262,7.62,9,0.9,0.09999999999999998,0.991205123689696,-156478.66748474338,-0.002420659717683598,0.0024599488162336276,32.16196590778354,36.93189767139852,5.0
263,7.63,9,0.9,0.09999999999999998,0.7992576747497235,-156629.984105046,-0.002175643573685347,0.002555159517736723,28.471473259466794,33.915875236151834,5.0
264,7.64,10,1.0,0.0,0.9965718228830357,-156872.38537222068,-0.0023323952974800884,0.002512551616137025,28.46093288464413,29.349965481795845,5.0
265,7.65,10,1.0,0.0,0.9935621152658387,-156900.59853212917,-0.0023681652294156746,0.0021657568984925963,30.64171923488734,25.429018225741167,5.0
266,7.66,10,1.0,0.0,0.9998304029951306,-156698.39898775873,-0.0025887819505620068,0.002300835764119428,34.512430118278374,28.11962874078978,5.0
267,7.67,10,1.0,0.0,0.9986504377229899,-156904.73385049505,-0.0025173242939112057,0.0027118173750511334,31.67853399060375,32.23446093836483,5.0
268,7.68,10,1.0,0.0,0.4469973135432674,-156929.67883581985,-0.0021251321042765137,0.0026025399049096933,27.910426586439833,36.77950188493874,5.0
269,7.69,10,1.0,0.0,0.20601549231432106,-156774.04220048984,-0.0024391939138858018,0.0021937260739048727,30.553551644639942,30.3202039139551,5.0
270,7.7,9,0.9,0.09999999999999998,0.9321292014944393,-156629.39814056567,-0.0021168496504247254,0.0024704577353409423,28.190512039770663,35.00048697081503,5.0
271,7.71,9,0.9,0.09999999999999998,0.88422840168841,-156635.80405189694,-0.002396920261758234,0.0027459933416727335,30.237815634662365,35.679563166853875,5.0
272,7.72,9,0.9,0.09999999999999998,0.96839292203421,-156609.490952149,-0.0026306094920932,0.0024121479730958946,32.438322015237155,32.32921673085253,5.0
273,7.73,8,0.8,0.19999999999999996,0.9999792861282871,-156455.12289930665,-0.0023821956579669606,0.002069112202768615,33.849001791803126,30.398802529717535,5.0
274,7.74,8,0.8,0.19999999999999996,0.9995489085145653,-156583.3381202837,-0.002457344197730311,0.0029174079041157193,30.937243160595518,35.87732938955754,5.0
275,7.75,8,0.8,0.19999999999999996,0.9052258163969017,-156447.5129947199,-0.0022408620701179914,0.0029124193003307558,30.335170917093173,37.17209891853593,5.0
276,7.76,9,0.9,0.09999999999999998,0.8192480371407037,-156657.95150400352,-0.002505042621152779,0.00236579323896577,33.4529443183002,30.812050305586066,5.0
277,7.77,7,0.7000000000000001,0.29999999999999993,0.9258248122735854,-156364.04361224076,-0.0027681405850482556,0.002305100537150807,34.67197446358863,30.16834211880361,5.0
278,7.78,6,0.6000000000000001,0.3999999999999999,0.996282274254382,-156334.26681887772,-0.002472838981902803,0.0026794512497929257,29.63801646925102,30.865288184447866,5.0
279,7.79,6,0.6000000000000001,0.3999999999999999,0.9816122488835559,-156413.42521700243,-0.0022259337400998567,0.002716365962977615,30.200678080023998,30.384559516571382,5.0
280,7.8,5,0.5,0.5,0.11261625251549572,-156233.4286122738,-0.0025010797050950087,0.0025419643720955144,33.46531595326064,30.58677200274786,5.0
281,7.81,4,0.4,0.6,0.9905244524665523,-156404.19888537755,-0.0027914195905260532,0.0027279264111802135,34.84928635351106,32.941123659361054,5.0
282,7.82,3,0.30000000000000004,0.7,0.9942872496888379,-156313.8743996021,-0.0022620708302099057,0.0025748820509610016,28.734118504892592,31.371367577730066,5.0
283,7.83,3,0.30000000000000004,0.7,0.893041295082166,-156320.5004095526,-0.0024667409934162727,0.0027405782580273283,31.651920609407437,29.975988302154228,5.0
284,7.84,4,0.4,0.6,0.9560535502519087,-156262.29993038945,-0.00232780480413389,0.002928790071276173,31.049883541018946,29.38345179292116,5.0
285,7.85,2,0.2,0.8,0.9428181985399453,-156387.90453911223,-0.0023054438714171714,0.002469823967648342,32.32258586682865,27.271021263028484,5.0
286,7.86,2,0.2,0.8,0.7414603261282542,-156369.86830649147,-0.002923888010622133,0.0028403619383012384,36.713578674633276,30.934260743413123,5.0
287,7.87,3,0.30000000000000004,0.7,0.9470510511923038,-156439.69278951205,-0.0024707523284996217,0.002717580722850316,31.61317888990053,31.931428386342837,5.0
288,7.88,4,0.4,0.6,0.9364824246765088,-156367.59811163947,-0.002184623501480193,0.0025934411172116936,28.412357589591867,29.956697426194122,5.0
289,7.89,3,0.30000000000000004,0.7,0.15162995090532125,-156341.03613870955,-0.0027282427109943633,0.002544360885790752,33.36535625914973,26.86339381858422,5.0
290,7.9,5,0.5,0.5,0.8375280812095424,-156422.97460869362,-0.002567250268720282,0.0026529470115441455,34.59833172828283,28.677152823354955,5.0
291,7.91,6,0.6000000000000001,0.3999999999999999,0.9693223728994581,-156415.11422975804,-0.0024077837700511237,0.0029024157797768735,33.3339275296081,30.048370321411863,5.0
292,7.92,7,0.7000000000000001,0.29999999999999993,0.29478827274262914,-156361.71442042076,-0.0026185394848781134,0.002719558332142949,35.44294448995323,29.877846990142633,5.0
293,7.93,6,0.6000000000000001,0.3999999999999999,0.7911382523771923,-156515.38159854035,-0.002568960004980931,0.002466355300907176,32.05348052839364,28.029550937601524,5.0
294,7.94,7,0.7000000000000001,0.29999999999999993,0.753235389014987,-156421.77251463497,-0.0023129509087404607,0.0023112561063657728,30.946091277749847,27.201392810556822,5.0
295,7.95,5,0.5,0.5,0.8813502379065301,-156295.78791614782,-0.0023774017098654936,0.0028091547375312803,31.341131510443528,32.78397789803734,5.0
296,7.96,4,0.4,0.6,0.8791676410738092,-156316.72751295232,-0.0024311191630754575,0.002672965785271421,31.132926235062165,31.886671980968384,5.0
297,7.97,2,0.2,0.8,0.9904016009915366,-156367.63085449056,-0.0024309039176376827,0.002627201527334406,32.18004627307458,31.734838120318443,5.0
298,7.98,3,0.30000000000000004,0.7,0.8254737549058302,-156384.86002117777,-0.0025276075342236127,0.002877385705652681,30.942122884137312,30.183255695287556,5.0
299,7.99,4,0.4,0.6,0.9611997010514206,-156331.7514543523,-0.0022620096466154627,0.002535296888333583,29.96381573518843,28.441143554594323,5.0
300,8.0,5,0.5,0.5,0.2489389939007915,-156276.3748557215,-0.0026528267632657523,0.002501525413703236,36.08891091828677,26.650543721972532,5.0
301,8.01,3,0.30000000000000004,0.7,0.8731995064592871,-156291.93659856488,-0.002619198067952435,0.003009761275550545,34.606431807829175,30.567216737678653,5.0
302,8.02,4,0.4,0.6,0.3505796275493851,-156298.72669493716,-0.002407564290316311,0.002771140535168453,31.972844582126097,28.49836598202639,5.0
303,8.03,3,0.30000000000000004,0.7,0.8792915196528811,-156316.0815853503,-0.002844018975101081,0.002537220467397543,35.526483973587744,26.393921705190866,5.0
304,8.04,4,0.4,0.6,0.27390850981220005,-156307.4831403416,-0.0027342186438468106,0.002450463946702768,35.02080612702822,25.35493753347975,5.0
305,8.05,6,0.6000000000000001,0.3999999999999999,0.6613232243570384,-156342.42534169924,-0.0023737015688145642,0.0026952889562974363,34.96186659511841,29.95037324222407,5.0
306,8.06,6,0.6000000000000001,0.3999999999999999,0.2887877849115657,-156413.0603676645,-0.0025866512553452997,0.00306252432727868,33.011714479266935,33.038481864668206,5.0
307,8.07,8,0.8,0.19999999999999996,0.8521162145372666,-156448.66398783145,-0.002558962447576801,0.0024103007274012996,32.1693951003929,29.140029588824326,5.0
308,8.08,7,0.7000000000000001,0.29999999999999993,0.6268032169862373,-156452.2723503509,-0.0022485318786495084,0.002130826984479576,27.75261369283724,26.270720901998583,5.0
309,8.09,8,0.8,0.19999999999999996,0.9953151745264099,-156556.74799287942,-0.0021922408337988054,0.002405378139313836,31.31511006971493,30.845733092264833,5.0
310,8.1,8,0.8,0.19999999999999996,0.29809961288584585,-156584.26154179015,-0.0022444641676705457,0.0030475859208235105,28.766670601765053,35.75011749137637,5.0
311,8.11,9,0.9,0.09999999999999998,0.9991389809281054,-156521.27757626132,-0.0026577464335867987,0.0022608490064229382,35.78641434889439,31.72406737378036,5.0
312,8.12,9,0.9,0.09999999999999998,0.9803479970402542,-156691.32331645428,-0.002562104206345313,0.002163330981485796,29.077541176254122,27.940656547018854,5.0
313,8.13,7,0.7000000000000001,0.29999999999999993,0.9545930105205301,-156426.56168994133,-0.00213943216395802,0.002148015844048343,27.830463895328037,25.98890741700942,5.0
314,8.14,8,0.8,0.19999999999999996,0.5499044992835795,-156455.46022168978,-0.002075339595211755,0.0024740350792660792,29.795854859601583,28.159432466538917,5.0
315,8.15,7,0.7000000000000001,0.29999999999999993,0.9549904398115705,-156440.43073853277,-0.0025548738433082245,0.0025499222266631492,34.19191846672346,27.1158818786196,5.0
316,8.16,5,0.5,0.5,0.7856241000452586,-156458.27717355062,-0.0025144758615205185,0.0022120002874349057,33.957532656009334,27.01538982560242,5.0
317,8.17,1,0.1,0.9,0.631532411988371,-156358.49599494066,-0.0028054373641542966,0.002340257621392633,33.52267508786304,25.251398132854828,5.0
318,8.18,1,0.1,0.9,0.6596695868826348,-156388.22256079837,-0.0022294572699889503,0.0025368132402584956,27.70005063194094,26.588284202474515,5.0
319,8.19,2,0.2,0.8,0.0673171558691882,-156309.12348117324,-0.0022322110495314185,0.002132709319691318,30.17567183267353,24.410019466536156,5.0
320,8.2,2,0.2,0.8,0.7116658491721473,-156370.1423702818,-0.0027884343424424366,0.002384415715040001,36.530776494952015,26.048628758959882,5.0
321,8.21,2,0.2,0.8,0.4832878926522924,-156289.58677057887,-0.002390040226569804,0.002461722123362209,33.03484465725639,26.84932216929392,5.0
322,8.22,4,0.4,0.6,0.04354574479351552,-156362.50994630545,-0.0023282837505656656,0.00247984472037108,32.0234918027705,24.844291732411634,5.0
323,8.23,5,0.5,0.5,0.5559713210560309,-156418.313033883,-0.0023124548402499597,0.0026222570465281566,29.735846627595954,25.46809086074212,5.0
324,8.24,6,0.6000000000000001,0.3999999999999999,0.9987957802601874,-156267.0046284734,-0.0020952088138513785,0.0019815112985289264,29.219318627937398,24.381577541462587,5.0
325,8.25,6,0.6000000000000001,0.3999999999999999,0.8243055131400436,-156417.31518772512,-0.0027168070405309062,0.0024231788140653254,32.052963570330846,27.56618719035046,5.0
326,8.26,5,0.5,0.5,0.5721210498287581,-156427.82468004504,-0.002461847897100402,0.0025520289205497077,32.02688113106911,30.602226446073082,5.0
327,8.27,7,0.7000000000000001,0.29999999999999993,0.902745529628254,-156280.89993627815,-0.002368935689254342,0.002348832596432068,31.79066286288589,24.544443245312284,5.0
328,8.28,8,0.8,0.19999999999999996,0.6040861732637065,-156424.39379783912,-0.002494438977704418,0.001856489681006046,34.64722404694084,19.248073142010256,5.0
329,8.29,9,0.9,0.09999999999999998,0.650543481151264,-156642.484604444,-0.0023848022804009456,0.0023082049224284924,32.258787433474545,24.331415534756662,5.0
330,8.3,10,1.0,0.0,0.44208625833177767,-156905.4290148534,-0.0024806499840154066,0.002515852595515567,32.030882451043695,29.72992628690013,5.0
331,8.31,10,1.0,0.0,0.9998198725388381,-156748.1306891572,-0.0024799651500398,0.0023197029172569907,31.042558280935694,31.087437578707767,5.0
332,8.32,10,1.0,0.0,0.8811745124481748,-156887.84336286696,-0.0023157921915160475,0.0024115506688427114,28.599860018159788,33.63157752314902,5.0
333,8.33,10,1.0,0.0,0.9695363566646975,-156803.97890369504,-0.0021662316217316733,0.0024741769817806696,27.253973147910177,32.99775285572902,5.0
334,8.34,9,0.9,0.09999999999999998,0.6317176855258217,-156655.9466544276,-0.002164173552103549,0.002391089048055541,29.7228472691892,32.55733605489598,5.0
335,8.35,10,1.0,0.0,0.9991355311055802,-156805.58512010402,-0.0023268913761159836,0.0023956459779235664,29.875705805415432,34.680183354166495,5.0
336,8.36,10,1.0,0.0,0.6599163715146136,-156804.18321787097,-0.0027184366458370608,0.002570578988576128,31.758373100107967,37.242206827434536,5.0
337,8.37,9,0.9,0.09999999999999998,0.9917099315293127,-156470.54046345048,-0.002291704496039008,0.0026234038032757943,29.949342183701702,38.0773255506731,5.0
338,8.38,9,0.9,0.09999999999999998,0.8581592981471013,-156529.87079837229,-0.0020303403409595673,0.0026926224650068685,28.622461072373365,35.93575729826549,5.0
339,8.39,8,0.8,0.19999999999999996,0.989486882957177,-156522.03192029233,-0.002667959343105887,0.002617571992086692,34.243289332215305,34.35300500625086,5.0
340,8.4,8,0.8,0.19999999999999996,0.946515367152697,-156414.6277223889,-0.002843020264748617,0.002487921791155601,36.23772204700887,32.63890821627838,5.0
341,8.41,9,0.9,0.09999999999999998,0.987010738095701,-156644.46802386077,-0.002661957514545829,0.0025546783477965315,35.04292278589419,30.67993075501866,5.0
342,8.42,10,1.0,0.0,0.8472453990328097,-156708.8036586446,-0.0023769702531132786,0.0027427822839021163,30.959747466928167,32.648396487421664,5.0
343,8.43,10,1.0,0.0,0.9999151247685321,-156855.12597959518,-0.002321692089445689,0.002732458282488071,29.807803015863033,33.33745318362771,5.0
344,8.44,9,0.9,0.09999999999999998,0.768802073927936,-156543.57354444044,-0.002565412033774731,0.0023485189897968503,32.90047552253763,32.13491690425473,5.0
345,8.45,8,0.8,0.19999999999999996,0.9588092411589161,-156359.04647233785,-0.002652474560049266,0.0025320129857256094,33.718563152206805,36.93709262724006,5.0
346,8.46,7,0.7000000000000001,0.29999999999999993,0.998222127245869,-156385.04990566935,-0.002588333100806649,0.002913261396693107,35.23570715240604,41.31807486778579,5.0
347,8.47,7,0.7000000000000001,0.29999999999999993,0.959749598586004,-156245.43692856064,-0.0023531011137741015,0.002709124905127433,30.345684901017684,37.3886239624677,5.0
348,8.48,8,0.8,0.19999999999999996,0.8263323896801223,-156432.7672107385,-0.002332793058346043,0.0021244544548284904,29.755779847443797,32.34833283587206,5.0
349,8.49,6,0.6000000000000001,0.3999999999999999,0.7908141962774758,-156132.55083655685,-0.0024046297658504444,0.0023698164942853616,27.53609707160124,36.033574614579905,5.0
350,8.5,7,0.7000000000000001,0.29999999999999993,0.9527941589756436,-156275.02217445092,-0.0024803037579396894,0.0023445815617587624,31.502409698862163,35.60566690010089,5.0
351,8.51,6,0.6000000000000001,0.3999999999999999,0.9678712329687902,-156461.7272115329,-0.0022928143969017135,0.002379349594192737,31.078218511491826,36.09122882462312,5.0
352,8.52,1,0.1,0.9,0.9372556314311529,-156324.0215185513,-0.0023085365489060312,0.0029184597315203486,31.508963490666595,41.52492379203652,5.0
353,8.53,0,0.0,1.0,0.9999989373092966,-156475.3623926237,-0.0025098417485491954,0.0026388618379289217,28.797860121029196,33.468811401616534,5.0
354,8.54,0,0.0,1.0,0.999999999966904,-156535.0162325632,-0.002581801795404366,0.0022474254267006925,29.552410884236902,33.55572455884472,5.0
355,8.55,0,0.0,1.0,0.9999999392563822,-156506.45330977667,-0.00263791838787161,0.0022411980840946477,29.422002857159022,34.73392403746288,5.0
356,8.56,0,0.0,1.0,0.9999990541980647,-156505.28027760627,-0.002215052624144061,0.002224922314572854,29.032347274884895,34.99364331339551,5.0
357,8.57,0,0.0,1.0,0.9999629892460214,-156531.1986589473,-0.0020344131602394715,0.002757477575315353,28.606280797394266,40.268324065628704,5.0
358,8.58,0,0.0,1.0,0.9999440002985676,-156545.40253570664,-0.0025133803022855273,0.002464706518386834,36.84085527741485,36.113378662284426,5.0
359,8.59,0,0.0,1.0,0.9922447102765557,-156554.68246715306,-0.0025891590150466746,0.0024053684083988835,38.215611624754565,34.40212856989969,5.0
360,8.6,0,0.0,1.0,0.9105195890204805,-156541.88962371147,-0.002553056732526534,0.0025365935041027476,35.39606944241531,35.28874269208531,5.0
361,8.61,1,0.1,0.9,0.9990850974157908,-156263.31983629736,-0.002448191289228158,0.0025329659335320033,30.902191639608198,37.22689138640102,5.0
362,8.62,1,0.1,0.9,0.999997756571999,-156483.061398286,-0.002577726635486132,0.002400034774767361,31.61752451910195,38.90414908650982,5.0
363,8.63,1,0.1,0.9,0.9999556883219335,-156293.67910308286,-0.0029236300933204685,0.0023977485287226554,34.55030154741368,39.25606172619706,5.0
364,8.64,1,0.1,0.9,0.8479547540081909,-156295.05445994265,-0.0027632881978786753,0.0025636922873207477,32.92953339642571,39.282601683813624,5.0
365,8.65,0,0.0,1.0,0.9492889450823567,-156541.00701512847,-0.0025434763481912304,0.0026283062356441487,33.263598225284554,35.77700329745405,5.0
366,8.66,1,0.1,0.9,0.43471464324614534,-156428.26964506778,-0.0024567450677579175,0.0025636315729979453,32.955148841292285,37.53322761042502,5.0
367,8.67,1,0.1,0.9,0.8620688100217483,-156221.68403964737,-0.002720687610300838,0.0023871415334966355,35.28456933453922,36.724830152656054,5.0
368,8.68,0,0.0,1.0,0.9981172930514793,-156584.0671366402,-0.002918597304385266,0.0024374392465311475,34.849437438757064,37.38588698344287,5.0
369,8.69,0,0.0,1.0,0.9999984806437959,-156587.55590348173,-0.002624707419886463,0.0025878789825316715,33.903432346156755,40.06613200132033,5.0
370,8.7,0,0.0,1.0,0.9999995705211536,-156545.29813194097,-0.002241454951297965,0.0024377853901994253,31.404613382684776,36.78008622982434,5.0
371,8.71,0,0.0,1.0,0.9999771856037403,-156568.05623415703,-0.0022760428245564334,0.002297282896560408,31.922444569969624,33.694760875553584,5.0
372,8.72,0,0.0,1.0,0.9995685943479248,-156638.82816394363,-0.002647628311319306,0.0025684997266814434,37.01324408657407,36.384195396120774,5.0
373,8.73,0,0.0,1.0,0.9548326792475152,-156586.82857261444,-0.0026071233487676734,0.0026673131149870504,34.68118424097942,37.89228690397061,5.0
374,8.74,1,0.1,0.9,0.9998823157035241,-156418.45939157563,-0.002653864364048376,0.002645691177774817,34.89431997822306,41.17307674790184,5.0
375,8.75,1,0.1,0.9,0.9973202603011286,-156482.71880426814,-0.002640609103889678,0.0024354949494415383,32.234916097745554,37.63448633744831,5.0
376,8.76,1,0.1,0.9,0.18257170193682629,-156378.14628507776,-0.0022962811799540454,0.002372048721226364,29.069381780769813,36.14554047559626,5.0
377,8.77,2,0.2,0.8,0.9999992983199534,-156276.17219427918,-0.002194397009627886,0.00251847120679508,28.558697899445544,37.073325923343134,5.0
378,8.78,2,0.2,0.8,0.9997003281488064,-156320.84008295485,-0.002383633555009149,0.0027971742313740076,31.864773546406052,42.57161807298342,5.0
379,8.79,2,0.2,0.8,0.8491893012049686,-156352.8578496844,-0.0026787764764981915,0.002459789155644332,36.53907428410243,35.392401762143585,5.0
380,8.8,3,0.30000000000000004,0.7,0.994754175263582,-156323.28776435376,-0.0021216780706525855,0.0021714720249390207,30.130493801711737,35.640540434694465,5.0
381,8.81,3,0.30000000000000004,0.7,0.9586572739168512,-156332.75008696673,-0.002062058230619058,0.0023948793583466353,25.48753573549456,34.09870647390592,5.0
382,8.82,4,0.4,0.6,0.8753814121051425,-156391.36005543,-0.002113825481805097,0.00238756142624561,25.71077552448977,36.22931874648486,5.0
383,8.83,3,0.30000000000000004,0.7,0.8010773768234462,-156307.03764916348,-0.0027018744404357442,0.002428919602266594,31.383611567951124,37.08499920611757,5.0
384,8.84,2,0.2,0.8,0.9887609013861031,-156408.37992100563,-0.002750393359841476,0.0026989589108717023,30.385823849994203,35.072507100286394,5.0
385,8.85,2,0.2,0.8,0.9903006925615818,-156301.60410242857,-0.0020859881902380527,0.0025541830418017615,29.974784559426393,36.54474983035418,5.0
386,8.86,3,0.30000000000000004,0.7,0.4097405495939813,-156452.8272600153,-0.0024640959040045348,0.0026522050067934264,32.217703681576445,35.47496673090605,5.0
387,8.87,2,0.2,0.8,0.7339573025886987,-156420.59039285115,-0.00260424949554896,0.002452769736034205,34.00054828722036,39.253265883348696,5.0
388,8.88,4,0.4,0.6,0.8445693256748488,-156384.10043126965,-0.002278775895740017,0.002171649297978988,27.917301171313028,34.22166306254155,5.0
389,8.89,5,0.5,0.5,0.9991143347410976,-156311.22179506987,-0.0020550042972226567,0.002649136982830847,23.215380349159208,38.60115846446165,5.0
390,8.9,5,0.5,0.5,0.9773202609294918,-156493.1112665467,-0.0020975655263787735,0.0023898749073020978,26.65250189045738,34.80458087650094,5.0
391,8.91,6,0.6000000000000001,0.3999999999999999,0.6347474410779834,-156391.30863681034,-0.0024439813995444015,0.0022990562232715894,31.93022867525063,35.77613939329316,5.0
392,8.92,5,0.5,0.5,0.7284282372265035,-156414.8404621685,-0.0026165915988241497,0.0024524610747719408,32.57835302635477,34.06015442168352,5.0
393,8.93,4,0.4,0.6,0.9878664727395057,-156423.56005935266,-0.0022622554984146467,0.0025638493085490283,30.475738097324406,36.853484576283556,5.0
394,8.94,5,0.5,0.5,0.40949055627883796,-156398.41574495126,-0.002458655568966752,0.0027091904928616193,29.38820994233076,35.12464550825814,5.0
395,8.95,6,0.6000000000000001,0.3999999999999999,0.8194257876463636,-156333.24288743947,-0.00252811664359603,0.0024659794701041918,30.2918221688968,33.27553599586405,5.0
396,8.96,7,0.7000000000000001,0.29999999999999993,0.9905448796398936,-156466.41819953918,-0.0024402503193089596,0.002333372151428632,29.673080000198315,32.685848032080465,5.0
397,8.97,7,0.7000000000000001,0.29999999999999993,0.6906654357375639,-156478.3919041189,-0.0024263878141652937,0.002268573165843125,31.348958388826645,30.98002121298634,5.0
398,8.98,6,0.6000000000000001,0.3999999999999999,0.9340032977464503,-156352.87097512078,-0.002221227374357923,0.0023330767067826384,32.366257892014936,33.831679128197834,5.0
399,8.99,4,0.4,0.6,0.8422015136644195,-156392.96460139155,-0.002424037591482682,0.0026537947593615442,29.801354952364807,36.78785551974312,5.0
400,9.0,3,0.30000000000000004,0.7,0.9968967351560172,-156363.2484238879,-0.002588154831151022,0.0023703674517340442,30.46758067741426,35.58872800070265,5.0
401,9.01,2,0.2,0.8,0.5673441999543809,-156470.74353488762,-0.0024486585494516953,0.002417811153079873,27.916380817476284,36.09614981198711,5.0
402,9.02,3,0.30000000000000004,0.7,0.7498452924504493,-156258.90682599496,-0.00237588238331523,0.0025471225911437084,28.830020299747346,35.695684827043294,5.0
403,9.03,4,0.4,0.6,0.8899080334885824,-156412.5457250921,-0.0021085962377547737,0.0024992730435354294,29.585255517824347,36.605530683329334,5.0
404,9.04,5,0.5,0.5,0.4989528400722469,-156381.1223599294,-0.0023620287413171986,0.0024837024165910394,31.359588638854873,36.024197375332484,5.0
405,9.05,3,0.30000000000000004,0.7,0.7006788317151976,-156348.52833194882,-0.002317816401397796,0.0025448752668883116,28.34620437915014,36.61805771636593,5.0
406,9.06,4,0.4,0.6,0.36260847294013365,-156410.74658180322,-0.0024264717176368626,0.0023188711674354224,29.448140107862557,35.879716775451314,5.0
407,9.07,5,0.5,0.5,0.5343945879708804,-156374.0782742273,-0.002698659271349088,0.002471232874172569,29.645074210614883,33.73709405335768,5.0
408,9.08,6,0.6000000000000001,0.3999999999999999,0.9743466357366918,-156293.76620599415,-0.002194367761960748,0.0024152601717736958,31.832973094282828,34.09286450910074,5.0
409,9.09,7,0.7000000000000001,0.29999999999999993,0.20937053240505102,-156492.87838439865,-0.0022122948096261114,0.0027344215628780514,29.693395763371875,33.71552039290605,5.0
410,9.1,8,0.8,0.19999999999999996,0.9995957830166134,-156474.53404734624,-0.002572999153733287,0.0024174113718030237,32.39787634444108,32.205147594169944,5.0
411,9.11,7,0.7000000000000001,0.29999999999999993,0.006099413778785707,-156385.09024084336,-0.0023596281873996313,0.0021783896276653457,28.486312856707816,32.06449218840343,5.0
412,9.12,8,0.8,0.19999999999999996,0.9770298353103168,-156578.6572687505,-0.0025373260473021916,0.0024302606149065697,29.684453438693588,32.33011390822387,5.0
413,9.13,9,0.9,0.09999999999999998,0.9948995165488382,-156665.4809633317,-0.0025043649461140975,0.0025776207943738845,34.79150623726585,34.2260789016756,5.0
414,9.14,9,0.9,0.09999999999999998,0.7538720894810959,-156567.69819354438,-0.0021416816871612228,0.0028271449632913514,29.336671227331895,36.70332953018952,5.0
415,9.15,10,1.0,0.0,0.5626664932776396,-156867.0741179552,-0.002298872780302313,0.0023950389689630035,28.439791706375555,32.369026611144726,5.0
416,9.16,10,1.0,0.0,0.4040689756856067,-156824.2887002963,-0.0026080301746494645,0.0022140519983131477,32.31939491160366,29.725072198797918,5.0
417,9.17,9,0.9,0.09999999999999998,0.6104111525997796,-156683.46486142313,-0.0023518928467564032,0.0026172418745798506,29.476757931941897,34.532178405946894,5.0
418,9.18,8,0.8,0.19999999999999996,0.9191251027913814,-156460.0372974896,-0.0021777639008832366,0.0026073200662655883,28.635000588047465,35.10589637426983,5.0
419,9.19,9,0.9,0.09999999999999998,0.19943681676745528,-156603.79925300705,-0.002314355203190717,0.0023306860270552445,30.177700471715884,34.455439921338986,5.0
420,9.2,8,0.8,0.19999999999999996,0.9942211812060722,-156490.11459434798,-0.0025444212563588684,0.00227269852111872,31.25812643496747,32.777562766690764,5.0
421,9.21,8,0.8,0.19999999999999996,0.12113623153938294,-156569.7950402288,-0.0025627424623966277,0.0024848633648369978,35.42256308579945,32.85079464431881,5.0
422,9.22,6,0.6000000000000001,0.3999999999999999,0.9666204993969416,-156426.35264168616,-0.0022972011600502886,0.0028469902317957377,29.62095741940607,33.08713059650255,5.0
423,9.23,5,0.5,0.5,0.21313416757710604,-156287.69083088438,-0.002366055457459803,0.00239804795044729,30.516809335935243,30.697349283212237,5.0
424,9.24,6,0.6000000000000001,0.3999999999999999,0.18205784016181537,-156449.56194236493,-0.002458053711277408,0.002305883728226381,28.547449755743546,32.11198573877957,5.0
425,9.25,4,0.4,0.6,0.88931429087827,-156322.88722094375,-0.0025393378444947567,0.0025266925014513246,30.406461420377685,37.40762267351611,5.0
426,9.26,2,0.2,0.8,0.5049819957267703,-156365.86439884143,-0.0023588716966371224,0.002661442439699198,29.673140536568962,40.42628149078741,5.0
427,9.27,1,0.1,0.9,0.999937068176238,-156500.8610989162,-0.0022218246674174757,0.0023325334950549384,30.572675799567037,35.098726809778,5.0
428,9.28,1,0.1,0.9,0.9998827106567045,-156405.77613683857,-0.0022261746871780935,0.002307003242026118,28.76655155232169,33.69578128497552,5.0
429,9.29,1,0.1,0.9,0.9897908894758086,-156456.94738809255,-0.00222738357432301,0.0025137826928726677,29.198417541355134,40.550907002069096,5.0
430,9.3,1,0.1,0.9,0.250657339467881,-156357.85413409525,-0.0024451367885769747,0.0025819919862004126,30.43031707559515,40.75548873937924,5.0
431,9.31,2,0.2,0.8,0.9912054176330246,-156410.53343539807,-0.0022704620958183866,0.002513769136534066,28.819528121040925,39.84436081218477,5.0
432,9.32,3,0.30000000000000004,0.7,0.9963642323232312,-156338.28443964315,-0.0023195387285433935,0.002355341243833345,29.707190792140526,35.27108555312655,5.0
433,9.33,3,0.30000000000000004,0.7,0.6069436017200562,-156443.7418059154,-0.0024820048398461574,0.0022450811943176257,29.702540061651817,31.8056232825411,5.0
434,9.34,4,0.4,0.6,0.8114350494170846,-156450.0732330596,-0.002288589962149884,0.0024242249134812373,30.314754925288252,34.47200470415848,5.0
435,9.35,5,0.5,0.5,0.8677542648435871,-156359.18348972252,-0.002363091280335068,0.0028452258722066635,28.327588236930975,39.725500221986145,5.0
436,9.36,7,0.7000000000000001,0.29999999999999993,0.6262446053152466,-156510.3745760525,-0.0027260214925965602,0.0024374495327922673,33.09399990762164,33.38875419286925,5.0
437,9.37,7,0.7000000000000001,0.29999999999999993,0.8637344513516736,-156467.15188682795,-0.0023300074210983812,0.002170380638896389,31.51200238334304,29.809913466095928,5.0
438,9.38,8,0.8,0.19999999999999996,0.5820649591977803,-156621.2319613774,-0.0023096322174580666,0.002681328734042392,28.735274471842224,31.69693219037225,5.0
439,9.39,7,0.7000000000000001,0.29999999999999993,0.10022371317839486,-156396.53158388627,-0.0022380044537798236,0.0026424023790029578,28.35974988666691,33.15589680992661,5.0
440,9.4,6,0.6000000000000001,0.3999999999999999,0.4582422566440945,-156396.477397902,-0.0024467062716077258,0.0020926941197738727,30.89468399264753,31.7915439585354,5.0
441,9.41,5,0.5,0.5,0.870847383157104,-156429.75424570407,-0.0027870917088436025,0.002202284364525281,34.25559657878971,34.8007951869904,5.0
442,9.42,2,0.2,0.8,0.7212156760023106,-156423.4215167786,-0.0022154711582196137,0.002731716786057349,28.910614828125805,39.62689005166724,5.0
443,9.43,2,0.2,0.8,0.18930273237058756,-156370.09756590496,-0.0020741037200984404,0.002577225605260325,25.799564900793463,35.706105594067516,5.0
444,9.44,0,0.0,1.0,0.3259372167752646,-156735.39709774018,-0.0025680175488717576,0.0025086732393584128,30.889511190006782,35.80617753075699,5.0
445,9.45,0,0.0,1.0,0.9983932569189329,-156709.8043470573,-0.0027076011383498663,0.0022678494294852487,33.22983688281378,34.502547700044495,5.0
446,9.46,1,0.1,0.9,0.4501270862521183,-156495.26172592596,-0.002282359121625997,0.0023413913620584045,28.894146279766122,36.524281430225685,5.0
447,9.47,0,0.0,1.0,0.9960948119274853,-156641.18247951905,-0.0021269240693217164,0.0025983059029494574,29.65096377434331,39.12269046995279,5.0
448,9.48,0,0.0,1.0,0.9999141838130156,-156843.33946348165,-0.002354127602830111,0.002457601427635279,32.51980011406856,36.485520273977144,5.0
449,9.49,0,0.0,1.0,0.8473059685490413,-156694.09997162365,-0.002466582105054043,0.002375306828472116,33.26593779258379,34.47981288678464,5.0
450,9.5,0,0.0,1.0,0.9834902547397188,-156720.1568128622,-0.0025997649336088795,0.002551252682989986,34.286836975186624,38.5393340179429,5.0
451,9.51,1,0.1,0.9,0.9729670659732831,-156540.08516034498,-0.0028416078681425608,0.002320069256449903,37.169613331826405,34.85633352377835,5.0
452,9.52,1,0.1,0.9,0.990186497037973,-156558.88000433,-0.002434660914541297,0.002506452943740297,31.815170187060403,37.15012279968754,5.0
453,9.53,1,0.1,0.9,0.8744739977359083,-156467.8246084027,-0.0023956088590178907,0.002698877621376607,31.598270242290386,39.539899121608904,5.0
454,9.54,2,0.2,0.8,0.7466976002604464,-156460.94698010464,-0.002754770038330574,0.0025274720447006575,32.888402688785895,36.46463873395302,5.0
455,9.55,3,0.30000000000000004,0.7,0.8590684560166094,-156415.28190119562,-0.002535535698580684,0.0022914551367605586,30.929353354448804,35.87153358876014,5.0
456,9.56,2,0.2,0.8,0.8911493884318141,-156466.78471424925,-0.00262234627181493,0.0025582348768305643,30.282336121014385,36.82886630946011,5.0
457,9.57,3,0.30000000000000004,0.7,0.9306515885687187,-156373.17542221735,-0.002440740571498302,0.002460249924227623,31.43552444001529,37.45462204162386,5.0
458,9.58,4,0.4,0.6,0.8924888666740262,-156366.49680524343,-0.0023591106934988293,0.002469652498291834,31.482483933316942,37.849193517823515,5.0
459,9.59,3,0.30000000000000004,0.7,0.8846145237822386,-156470.2262349233,-0.0025578479437795873,0.002762370027055811,30.68805218033217,38.36449222224047,5.0
460,9.6,2,0.2,0.8,0.11231396157352176,-156447.67544913976,-0.0022429161976242977,0.0021555659162653296,29.70499415487126,33.222386085701075,5.0
461,9.61,1,0.1,0.9,0.7274973674239182,-156482.6066192989,-0.0026024716403341107,0.0022368981042733198,33.407661958166486,32.52135353757516,5.0
462,9.62,0,0.0,1.0,0.8148119765487905,-156751.9519382759,-0.002509592440799281,0.0028020761953429603,31.628164756526587,39.661294202638324,5.0
463,9.63,0,0.0,1.0,0.9553971483640379,-156717.40551358092,-0.0021914511087416048,0.002418963708754046,28.745584117956906,37.825707759047155,5.0
464,9.64,0,0.0,1.0,0.9998722594559082,-156668.89991837958,-0.0023272830463491457,0.002478313791172607,27.872141071707585,39.32499399649527,5.0
465,9.65,0,0.0,1.0,0.9999995440814322,-156785.73842300306,-0.0018944427644904398,0.002317363637906718,22.85671329166759,34.639949399270556,5.0
466,9.66,0,0.0,1.0,0.9848023701441676,-156701.17333139805,-0.0017652574869776293,0.0022053557719135804,24.15558981658171,33.5354931873176,5.0
467,9.67,1,0.1,0.9,0.9519211422849898,-156409.25273047772,-0.0024032281801567787,0.002628849459382105,31.19523263007651,37.58928572624043,5.0
468,9.68,1,0.1,0.9,0.8760781708244074,-156489.25674105543,-0.0024043436994611892,0.0023421579887271853,35.17155410529591,35.51917442883463,5.0
469,9.69,2,0.2,0.8,0.8479727791495336,-156438.25783549185,-0.002195432070371163,0.002636828179899875,29.400625234448228,38.67533890503451,5.0
470,9.7,4,0.4,0.6,0.7817396386714931,-156423.5153673451,-0.0024239962247365647,0.0023643558732016293,28.102903307866143,35.13261388182982,5.0
471,9.71,5,0.5,0.5,0.8823548631171064,-156468.92155945342,-0.0022874521701052052,0.0019848314662976045,26.053003381796874,32.74708159205995,5.0
472,9.72,6,0.6000000000000001,0.3999999999999999,0.6158864429675494,-156486.87651047125,-0.002356794849068999,0.002450374698081925,27.956762992436385,34.299359676993,5.0
473,9.73,7,0.7000000000000001,0.29999999999999993,0.10368209030275691,-156449.24654992993,-0.002323632445919433,0.002819785134462535,31.26847553801984,35.92772228386168,5.0
474,9.74,6,0.6000000000000001,0.3999999999999999,0.7489569782275075,-156537.00870534204,-0.0021630373896063806,0.0025278815060220737,31.775833912402867,32.473453423407754,5.0
475,9.75,5,0.5,0.5,0.8963702545501627,-156451.79111053367,-0.0026334205220243678,0.0023593538961346004,32.20212462554023,30.985721284263718,5.0
476,9.76,6,0.6000000000000001,0.3999999999999999,0.6549021412290664,-156401.38596381957,-0.0026283072688463773,0.0022579029113047834,30.88282588832594,34.05974778505204,5.0
477,9.77,4,0.4,0.6,0.98202866892509,-156339.67419264343,-0.0023666782282083907,0.002384053449959133,28.045193241739913,33.40612867418415,5.0
478,9.78,3,0.30000000000000004,0.7,0.9604653377418934,-156496.19149097637,-0.002189114388762641,0.0029641084007671395,27.873997695197104,39.906879595368835,5.0
479,9.79,4,0.4,0.6,0.450200132173247,-156357.45395321932,-0.0023719983095383985,0.0024050491415559864,31.597854653276656,34.56660184991611,5.0
480,9.8,5,0.5,0.5,0.2701634913717444,-156502.2132915533,-0.0025123643784768375,0.0021307638934297906,31.54563227827575,31.6218898693036,5.0
481,9.81,7,0.7000000000000001,0.29999999999999993,0.601963745630796,-156427.95939943174,-0.0022979009943681567,0.0023332933296768186,29.116369606998443,32.76505538409466,5.0
482,9.82,8,0.8,0.19999999999999996,0.6130870012261702,-156558.87021555196,-0.0020728645046973054,0.0025985099903447694,24.6662121362929,37.11885935513155,5.0
483,9.83,9,0.9,0.09999999999999998,0.9486900371502143,-156670.9132733332,-0.0024079036746852633,0.002396041343280222,31.01545600720981,33.872485769983165,5.0
484,9.84,9,0.9,0.09999999999999998,0.7301364772012677,-156695.20263930794,-0.002389478598543073,0.002537061771541388,32.40457408303191,34.99386452759725,5.0
485,9.85,10,1.0,0.0,0.9999965955223269,-156849.9402405842,-0.0024528321140848126,0.00276768698768536,30.685018085617873,32.467318668381715,5.0
486,9.86,10,1.0,0.0,0.9999728710524802,-156901.08356719514,-0.0023838779569228196,0.0021444033760028855,32.30125381093019,24.938937552213048,5.0
487,9.87,10,1.0,0.0,0.9998575963163022,-156898.99581200958,-0.0021513189957447624,0.0021422176995931986,28.06417038122765,23.849673251947102,5.0
488,9.88,10,1.0,0.0,0.9998223765625175,-156988.69524876514,-0.0023883812627488814,0.002436546379848737,31.68302455689266,28.744540244420264,5.0
489,9.89,10,1.0,0.0,0.999297602171062,-156883.42824732908,-0.0026913561451912035,0.002637614740218914,32.9799039110401,33.22782807885256,5.0
490,9.9,10,1.0,0.0,0.9613975652530404,-156935.41346157057,-0.002418365184277685,0.002235105173324326,30.747923672145358,31.118942517739235,5.0
491,9.91,9,0.9,0.09999999999999998,0.8431489210539224,-156587.8652616193,-0.002169412395769108,0.002459134124931755,28.776345824867555,33.8700148543926,5.0
492,9.92,9,0.9,0.09999999999999998,0.9036435630307966,-156615.75519408123,-0.0020705644203849616,0.0028247004751712117,26.955252976052577,37.03945491664025,5.0
493,9.93,9,0.9,0.09999999999999998,0.8020756382791169,-156630.70916646984,-0.002235135885693497,0.0025551822228978794,28.62114423405347,35.8678113438654,5.0
494,9.94,8,0.8,0.19999999999999996,0.9910697693262519,-156579.3597658589,-0.002836402393290857,0.0021717241958825644,36.21799769548741,31.213638937044394,5.0
495,9.95,8,0.8,0.19999999999999996,0.9826465458223335,-156535.04214840394,-0.002418446814817037,0.0023421184737639315,31.020320187950563,32.65503624314248,5.0
496,9.96,10,1.0,0.0,0.8195855568540311,-156942.30653983747,-0.0022025295280122146,0.002949706161718591,28.601196539235733,35.78988984074609,5.0
497,9.97,9,0.9,0.09999999999999998,0.395590636162464,-156657.7071816544,-0.0020689396025946913,0.0026662770990102404,25.931781335374136,32.78561829569859,5.0
498,9.98,7,0.7000000000000001,0.29999999999999993,0.8077135976213257,-156423.98222023758,-0.002532136116156913,0.002190675726907414,32.54910378241211,29.76097502029328,5.0
499,9.99,6,0.6000000000000001,0.3999999999999999,0.8980639654717677,-156316.14838174247,-0.0030645241718791493,0.0024770500730726046,38.26090131655324,30.199892540202782,5.0
500,10.0,8,0.8,0.19999999999999996,0.11982592492396751,-156541.8221568924,-0.0022304600383912148,0.0025598967109924163,31.521961513773874,31.4741511191819,2.5
501,10.01,7,0.7000000000000001,0.29999999999999993,0.9682096956822822,-156395.18412399525,-0.002527426460907699,0.0025516096702254912,34.65766208138973,29.59953530154994,2.5
502,10.02,5,0.5,0.5,0.46983838872751904,-156411.3211023883,-0.0024773129389959003,0.0024983493121777376,30.524361002374903,31.20749899789686,2.5
503,10.03,6,0.6000000000000001,0.3999999999999999,0.7466427100225604,-156376.42789104386,-0.002067837339129851,0.002205293224429335,25.80440256269117,31.985163858249777,2.5
504,10.04,5,0.5,0.5,0.27740019459135284,-156447.1865775241,-0.0023034442382963123,0.0025998682685996746,26.79041705396429,40.055159575923284,2.5
505,10.05,3,0.30000000000000004,0.7,0.8280077724467625,-156344.87750851625,-0.0022740694099074874,0.0025638297031737576,28.028234350912,40.11852318753178,2.5
506,10.06,3,0.30000000000000004,0.7,0.801348215124821,-156444.77645504655,-0.002227032966548017,0.002330972397793583,31.15741665270697,37.82981479864652,2.5
507,10.07,4,0.4,0.6,0.39096587678102157,-156445.24526581398,-0.002434860783561885,0.0026805263131487195,31.27586047336739,39.56879469735314,2.5
508,10.08,4,0.4,0.6,0.8854138547545342,-156437.28356172494,-0.002238983415061927,0.002488594877122125,26.921900844201605,35.46641425100171,2.5
509,10.09,4,0.4,0.6,0.3433243012064441,-156422.0951941229,-0.0024413306182904464,0.0019032491388735172,30.00857751837036,28.39860128064928,2.5
510,10.1,5,0.5,0.5,0.7135829098291813,-156433.40545760325,-0.002650692487620593,0.0024215098314443444,31.46643323690231,32.18745843607648,2.5
511,10.11,6,0.6000000000000001,0.3999999999999999,0.839112186388328,-156579.9910257371,-0.00224491460611177,0.0027445705229079934,30.40514826542982,37.25942257874072,2.5
512,10.12,7,0.7000000000000001,0.29999999999999993,0.9632630773350966,-156576.88092788553,-0.0023320341490635768,0.0026308932261747213,30.839687421305452,34.485648172198054,2.5
513,10.13,8,0.8,0.19999999999999996,0.33908631650289545,-156618.95703556738,-0.0025947030721401726,0.0024172206561135475,31.15081113793919,30.20055226802797,2.5
514,10.14,7,0.7000000000000001,0.29999999999999993,0.7940999457183272,-156438.04317409758,-0.0023021926774718722,0.0020380022704754664,30.39215055028956,26.667239535491003,2.5
515,10.15,6,0.6000000000000001,0.3999999999999999,0.6508274291566095,-156524.79248268326,-0.0024401843842735164,0.002245152752050466,32.76116746947826,27.093971564079837,2.5
516,10.16,5,0.5,0.5,0.8738602769082121,-156506.55890684124,-0.002307226803280957,0.002778578168130791,30.14682327534852,35.92173452631351,2.5
517,10.17,5,0.5,0.5,0.04496462399313906,-156436.17315748017,-0.0021899746707028534,0.0024691642783519945,27.15334036074188,37.73818931882194,2.5
518,10.18,3,0.30000000000000004,0.7,0.9415031956530424,-156392.95086809958,-0.002591156159064334,0.0022462395042199047,29.089141791606917,35.098276333258724,2.5
519,10.19,3,0.30000000000000004,0.7,0.4450489255422452,-156435.62099757107,-0.00231504997295999,0.002141047260737052,28.996431188101234,34.55811221614841,2.5
520,10.2,2,0.2,0.8,0.9577164008831596,-156355.54081692387,-0.00213230629285773,0.002548418482589532,26.833631192584342,36.86647693330125,2.5
521,10.21,3,0.30000000000000004,0.7,0.21786781386511744,-156423.38279822926,-0.002520346550517193,0.002666118482420396,33.022938276468764,36.32399897938469,2.5
522,10.22,3,0.30000000000000004,0.7,0.009105203266876635,-156428.93716161614,-0.002622105907991701,0.002511070988812249,33.5309348576491,35.59735792859766,2.5
523,10.23,4,0.4,0.6,0.9891281053054441,-156381.12744176504,-0.002442300694745636,0.00241144534471537,29.38196226745061,34.20389744013321,2.5
524,10.24,2,0.2,0.8,0.7419274616389483,-156474.81768665332,-0.0020054634519712376,0.002507429527113416,24.601085303573655,36.08489432793945,2.5
525,10.25,2,0.2,0.8,0.9895582302300137,-156376.6258470146,-0.0023744866355684792,0.0025087179150739317,28.909497241906156,36.13750728790446,2.5
526,10.26,2,0.2,0.8,0.7335084036076136,-156518.56207490858,-0.0024261243884726134,0.0022405124441635836,31.691078340911528,34.993057215817124,2.5
527,10.27,2,0.2,0.8,0.5083093451085631,-156520.8456566497,-0.0024826395756157374,0.0024736508345101858,33.73625317964748,38.42602609837399,2.5
528,10.28,1,0.1,0.9,0.7135772823802266,-156562.54819243652,-0.002423930734961915,0.0026205916935221436,30.28145124857555,37.98116161863374,2.5
529,10.29,3,0.30000000000000004,0.7,0.4469589383588884,-156517.54306543723,-0.0021174589138876943,0.0023988926013146714,27.038571701362383,36.73609266016765,2.5
530,10.3,4,0.4,0.6,0.9767081964554651,-156431.94682566586,-0.002431472322050541,0.0024020241828563863,29.117123062643955,36.50343049997759,2.5
531,10.31,4,0.4,0.6,0.8151092446178657,-156512.2001593467,-0.0024330774824882265,0.0024851312632760605,28.81182923475421,38.12326460846431,2.5
532,10.32,6,0.6000000000000001,0.3999999999999999,0.28417792625857746,-156539.01775613538,-0.002245197548595804,0.0024053975143367512,28.747787080866132,33.12720735150928,2.5
533,10.33,7,0.7000000000000001,0.29999999999999993,0.6164479249320584,-156539.44418162652,-0.0022779607824045213,0.0025611422171705764,31.056181530622972,34.854252040614206,2.5
534,10.34,8,0.8,0.19999999999999996,0.6629252267145198,-156595.53015325972,-0.0023431467223163846,0.0025716584063664684,30.295237604874593,32.28559308571454,2.5
535,10.35,7,0.7000000000000001,0.29999999999999993,0.6741994787215695,-156631.06345490905,-0.002328471621612521,0.002515413591069009,28.82776132187295,34.15089996097697,2.5
536,10.36,8,0.8,0.19999999999999996,0.5224871526654032,-156546.36796070542,-0.002526667371138572,0.0023812131957600667,28.711608714298013,32.56927821475033,2.5
537,10.37,9,0.9,0.09999999999999998,0.941813823423202,-156782.88703837048,-0.002558371179089965,0.0022606972510053353,32.682850354218765,32.661924645686156,2.5
538,10.38,10,1.0,0.0,0.32160233600358973,-156999.7404713624,-0.0023500767820152525,0.002474308684530349,31.808265591549286,31.484923761965625,2.5
539,10.39,10,1.0,0.0,0.9945733751789719,-157013.26287119582,-0.002133951657452653,0.002569350941531572,30.26386201159814,30.640018191440255,2.5
540,10.4,10,1.0,0.0,0.9999760559350669,-157069.03009699212,-0.0022130608213360436,0.0025858015691762434,27.605220687154453,32.75114886602536,2.5
541,10.41,10,1.0,0.0,0.9999976134673282,-157050.98308475467,-0.002517505722323281,0.002369167659218986,29.498042195091944,30.363356123456114,2.5
542,10.42,10,1.0,0.0,0.9999782347441902,-157038.108612202,-0.0025548958928664884,0.0026321299039946903,33.49317975208427,35.751154696183406,2.5
543,10.43,10,1.0,0.0,0.9988846229458432,-156970.73303575555,-0.0023992444196124286,0.0026833094645290025,33.051201406000615,36.35663679638522,2.5
544,10.44,9,0.9,0.09999999999999998,0.8381994146182896,-156833.0149976044,-0.002137580982329002,0.002578859771605101,27.804857836804093,35.10549508735929,2.5
545,10.45,9,0.9,0.09999999999999998,0.9994127683313018,-156781.69643948574,-0.002088952154274886,0.0022874126570066656,26.0967715235918,31.76727344399695,2.5
546,10.46,9,0.9,0.09999999999999998,0.9766433603135093,-156697.71342516388,-0.0025305526235675324,0.0021673108388434443,31.364925963142372,31.735369593600417,2.5
547,10.47,8,0.8,0.19999999999999996,0.09666079640190324,-156673.73260410214,-0.0027019528585393205,0.0026423300658286876,34.148867696458005,35.09008809386806,2.5
548,10.48,9,0.9,0.09999999999999998,0.5969020416860449,-156816.3912120584,-0.0022617163900589313,0.00270153995901321,31.774975095087076,35.383167343935924,2.5
549,10.49,9,0.9,0.09999999999999998,0.24475603861612924,-156644.40325754596,-0.0022749553346399554,0.0027428840571841564,29.21682395659432,36.01502834109583,2.5
550,10.5,7,0.7000000000000001,0.29999999999999993,0.050162480375988514,-156545.46338698023,-0.0025760192003562274,0.0023878327459740715,32.37006288467539,31.437115479793057,2.5
551,10.51,6,0.6000000000000001,0.3999999999999999,0.7568321945668117,-156527.98196761188,-0.0023656515117570554,0.0023693136147224557,30.13071345180475,29.97578819688034,2.5
552,10.52,5,0.5,0.5,0.8025938772601569,-156472.9996535463,-0.002543115175941508,0.0026731316139292165,33.411490739092365,29.077625759669612,2.5
553,10.53,4,0.4,0.6,0.8922758639833342,-156405.12944908903,-0.0023655290270281916,0.0027391773668647727,33.37804724903852,29.427289771976206,2.5
554,10.54,4,0.4,0.6,0.08214816063531041,-156432.6308345497,-0.002453595496458515,0.0026501252990821997,32.65565321931216,27.645927864361294,2.5
555,10.55,3,0.30000000000000004,0.7,0.9974227492004575,-156446.27900881652,-0.0026863032791476556,0.0027740639474170816,33.35155526684929,31.734241725621782,2.5
556,10.56,3,0.30000000000000004,0.7,0.9675279611840539,-156465.82772964088,-0.0025273650478629755,0.0028721426128978465,32.06567485281734,33.46623259034014,2.5
557,10.57,3,0.30000000000000004,0.7,0.2795976068854222,-156395.1003778036,-0.0024484799054824593,0.002625932918819468,31.312549304735512,29.28176815633845,2.5
558,10.58,5,0.5,0.5,0.1291950322982595,-156478.11419143915,-0.002355362416390182,0.002495875866233895,31.4939806980401,26.13879167930062,2.5
559,10.59,4,0.4,0.6,0.8564869701470142,-156452.9915494219,-0.0024508400738564376,0.0027465099788814297,33.308605496748136,28.02997361546661,2.5
560,10.6,5,0.5,0.5,0.9308379007210387,-156574.60370606423,-0.002676288680037555,0.0026905775371147142,34.34736527706556,28.291000169841602,2.5
561,10.61,4,0.4,0.6,0.6824718523550778,-156480.4160674963,-0.0025352891220001487,0.0025031238634917793,35.65523985020706,29.383707165555833,2.5
562,10.62,5,0.5,0.5,0.5283380020797082,-156436.05348642255,-0.002383249807908403,0.0029457067585323127,28.88746608108334,33.3825308683769,2.5
563,10.63,6,0.6000000000000001,0.3999999999999999,0.9727174377101745,-156522.5737554292,-0.002439415916449203,0.002558009596208984,31.97362615195782,30.015265642999434,2.5
564,10.64,6,0.6000000000000001,0.3999999999999999,0.8251409344945738,-156540.5860541784,-0.0024633493065846983,0.0023411892378344696,32.14004327563532,26.861478564557128,2.5
565,10.65,5,0.5,0.5,0.6902096227507569,-156395.24850810398,-0.002602035169978772,0.0028009172962670803,32.69144212434932,29.240446650903653,2.5
566,10.66,4,0.4,0.6,0.5630827033358674,-156482.24711129782,-0.002437840181143532,0.002528973713052598,34.88648477031059,27.52013823545235,2.5
567,10.67,4,0.4,0.6,0.0791868592654174,-156563.5748908929,-0.0024441149915846528,0.0028087049681287703,32.077195269871034,30.427583858218483,2.5
568,10.68,2,0.2,0.8,0.14298932815417345,-156492.48582308285,-0.0026408092997728993,0.002841842141771112,33.163270238187984,29.88461185133836,2.5
569,10.69,2,0.2,0.8,0.7996174534123364,-156483.01924150917,-0.0023363842374770514,0.002544736925529251,30.04667965563211,29.992508733040495,2.5
570,10.7,3,0.30000000000000004,0.7,0.852664734242161,-156419.79805192855,-0.0026749811402750475,0.0027056483824547035,34.561418522117684,30.121959414630734,2.5
571,10.71,3,0.30000000000000004,0.7,0.938074966967509,-156523.10174064658,-0.002306812382301688,0.0028577720838882095,30.756462150868142,33.79574790476603,2.5
572,10.72,2,0.2,0.8,0.7496167585945395,-156386.63031577194,-0.002472570274190032,0.0026378996324843244,33.74418774246641,28.963671319261813,2.5
573,10.73,3,0.30000000000000004,0.7,0.9630229296315207,-156526.4401064486,-0.002555524482783978,0.0025367223013385972,32.31892056371482,26.83648931651054,2.5
574,10.74,4,0.4,0.6,0.44925985295828835,-156599.82471818608,-0.002510603812956004,0.002500044517723033,33.911550135518375,27.440034389568424,2.5
575,10.75,5,0.5,0.5,0.8558576588806553,-156467.3080939515,-0.002453612968626722,0.0028448548303669366,32.81361774566254,31.411947276432034,2.5
576,10.76,5,0.5,0.5,0.37676002786787044,-156594.6267095452,-0.0022972951671208683,0.002711548898414498,29.4416263582393,32.14046732632746,2.5
577,10.77,6,0.6000000000000001,0.3999999999999999,0.9759183191701668,-156487.25277204343,-0.002693700146604657,0.0026535626371086895,35.147142190801006,29.6690433098891,2.5
578,10.78,6,0.6000000000000001,0.3999999999999999,0.8534676583815837,-156513.3891307074,-0.0025218806774494696,0.002449787933060913,32.05548269584586,27.430438957106187,2.5
579,10.79,7,0.7000000000000001,0.29999999999999993,0.9343022304574798,-156506.39691216778,-0.002547160416986075,0.002595584377692393,36.36887323359077,27.880550422902687,2.5
580,10.8,7,0.7000000000000001,0.29999999999999993,0.8392799887796696,-156634.71449546763,-0.002330984258083522,0.002835332110352889,31.26386565476443,30.668013217750104,2.5
581,10.81,8,0.8,0.19999999999999996,0.950175423793666,-156697.26203588408,-0.002381401080115864,0.002474784390436452,31.082054196055758,30.208949624834016,2.5
582,10.82,8,0.8,0.19999999999999996,0.9289296622750738,-156642.07114499816,-0.0023637418497380455,0.002190089625222211,28.64631269247789,29.30383178994146,2.5
583,10.83,8,0.8,0.19999999999999996,0.9609766269368102,-156635.09875633003,-0.0022365251530202107,0.0024203659963897206,28.700814497142773,33.0814585598309,2.5
584,10.84,7,0.7000000000000001,0.29999999999999993,0.6944495262081208,-156682.2302393784,-0.002344170601968751,0.002824754130352527,30.487074289287797,35.83029168300694,2.5
585,10.85,7,0.7000000000000001,0.29999999999999993,0.6072074386873895,-156544.1921949663,-0.0026194534306154304,0.0027294386332370225,36.531183992792386,34.42748639922446,2.5
586,10.86,6,0.6000000000000001,0.3999999999999999,0.5181030950893836,-156506.69078826453,-0.0023321312294287003,0.002336898135799618,30.2208954226081,27.31642769590971,2.5
587,10.87,5,0.5,0.5,0.7473581039966447,-156505.62775897144,-0.002100792217484841,0.002496451633527967,26.170982298322443,27.503861022690295,2.5
588,10.88,4,0.4,0.6,0.47906777290359553,-156609.73770711428,-0.0023347651154697843,0.002861364765943957,30.631331058930645,31.063728957524273,2.5
589,10.89,3,0.30000000000000004,0.7,0.9026022127876905,-156404.8113788688,-0.0025920949233589436,0.0025672626328246554,32.85713729463147,29.705931796027542,2.5
590,10.9,3,0.30000000000000004,0.7,0.19090186943134327,-156540.4293867687,-0.002856254839142475,0.0027550008699502053,40.30155568364419,32.04826010588335,2.5
591,10.91,4,0.4,0.6,0.05008694930832264,-156500.8928275351,-0.0025822168684407386,0.002826114800167867,33.101175389135,29.63001459763073,2.5
592,10.92,4,0.4,0.6,0.1445258011870336,-156513.08429090487,-0.0024147299582820206,0.002486588012771827,31.83214400503958,24.03400940230625,2.5
593,10.93,3,0.30000000000000004,0.7,0.8560695427168366,-156403.9255791088,-0.0024364090643267168,0.0023400771091591967,31.408820098509096,23.393707499876953,2.5
594,10.94,2,0.2,0.8,0.8393488623361527,-156601.10728373422,-0.002758655330263772,0.002776069876958445,35.19492331352443,29.626931517206426,2.5
595,10.95,2,0.2,0.8,0.9623563767066285,-156513.36103265683,-0.0027044791107517087,0.002930268185873542,35.0586291170366,33.40572605085307,2.5
596,10.96,3,0.30000000000000004,0.7,0.3866768583890533,-156519.4578732803,-0.0026287128747525482,0.002583745418039069,35.08908420793011,31.778744105039966,2.5
597,10.97,2,0.2,0.8,0.4089753981729033,-156529.217214046,-0.0027100299095005605,0.0027582991090393237,33.794686794243304,28.031395027454987,2.5
598,10.98,2,0.2,0.8,0.7813959507731307,-156531.64275473927,-0.002017536013413691,0.0025716117442663947,27.860769416464972,27.192326128248983,2.5
599,10.99,2,0.2,0.8,0.6023018296980432,-156545.9481093626,-0.002420477620961293,0.002821251440287485,31.306956776722995,31.11739481005853,2.5
600,11.0,1,0.1,0.9,0.998212620662454,-156611.83282071044,-0.002595443924613662,0.002686010365372956,32.90375838824589,33.65153214241435,2.5
601,11.01,1,0.1,0.9,0.9999375453333033,-156564.92256791238,-0.002536715066470416,0.002509673170070299,33.97766109909691,31.30138199488937,2.5
602,11.02,1,0.1,0.9,0.6827769487293534,-156595.4107281175,-0.002360883627080166,0.002714275626857425,31.341375180141032,30.644491725319934,2.5
603,11.03,1,0.1,0.9,0.30965173100364746,-156550.59127788155,-0.002289087315347174,0.002758165809439584,31.5252174285692,31.329494695892528,2.5
604,11.04,2,0.2,0.8,0.8121176052815537,-156531.4964493374,-0.002423052045852139,0.0026808302203548276,31.290909769246603,32.818682496319084,2.5
605,11.05,5,0.5,0.5,0.7941444025714192,-156511.15606100214,-0.00297717563155808,0.002636178759745321,33.47862297584844,30.80525684399106,2.5
606,11.06,6,0.6000000000000001,0.3999999999999999,0.9858232147425494,-156723.20624847882,-0.0023361872945958026,0.0027107465664528655,29.601970559944895,31.102194564999323,2.5
607,11.07,6,0.6000000000000001,0.3999999999999999,0.6524361324197347,-156619.80663731488,-0.0020651306882317607,0.0023868434854350624,29.745459044942386,25.412336110318726,2.5
608,11.08,5,0.5,0.5,0.8399691565338134,-156605.4627534648,-0.002559210473068547,0.002714397922089664,36.01205727102463,27.560377757879163,2.5
609,11.09,5,0.5,0.5,0.437487183220519,-156455.45586245513,-0.002700403616254767,0.002740829611607243,36.905037496588314,30.577291477751814,2.5
610,11.1,7,0.7000000000000001,0.29999999999999993,0.1040789734166761,-156633.15708277855,-0.0026976100090130247,0.002373676497985034,32.98228534472205,27.014424202691053,2.5
611,11.11,6,0.6000000000000001,0.3999999999999999,0.9391281692012393,-156645.2933811376,-0.002442795619294792,0.0025864888607937692,30.58278550309174,29.785804777351263,2.5
612,11.12,5,0.5,0.5,0.2109141685732261,-156592.98463476676,-0.0020361402178942795,0.0027514652562324604,27.883120308191256,30.401785898919528,2.5
613,11.13,4,0.4,0.6,0.9125667196995407,-156575.23041684114,-0.002468298327461443,0.002810684450411747,32.42362153983473,31.259182721593863,2.5
614,11.14,6,0.6000000000000001,0.3999999999999999,0.61698571214892,-156713.0505142366,-0.002731762109773883,0.0024756112742532303,37.1599756316899,27.472620597422768,2.5
615,11.15,4,0.4,0.6,0.6275651776295145,-156595.23927523638,-0.0024025875036665467,0.0025458832256924774,31.56632579384438,28.57666452598347,2.5
616,11.16,3,0.30000000000000004,0.7,0.9803813910030453,-156535.42198765697,-0.002497752374205947,0.002690085798917048,31.79104837734236,28.500033131584328,2.5
617,11.17,4,0.4,0.6,0.07236753604251275,-156521.1589790714,-0.0022264648184170486,0.002758359743498723,29.926847068787673,30.227951611061822,2.5
618,11.18,3,0.30000000000000004,0.7,0.904864989940791,-156550.39538802835,-0.0022059266998154924,0.0027612327861176343,28.724220220202696,31.351773717861075,2.5
619,11.19,5,0.5,0.5,0.03789642323908069,-156623.0935086916,-0.0028698577491774483,0.002638708766892317,36.10703716422431,28.852247620126057,2.5
620,11.2,3,0.30000000000000004,0.7,0.9692614637131443,-156595.87447952616,-0.0026577892568491216,0.0025405989117881604,35.61725173525152,29.11162987520671,2.5
621,11.21,4,0.4,0.6,0.7931357785060299,-156592.71318933473,-0.0023909718540493273,0.0027528109188723893,32.18698026767121,27.600822995022735,2.5
622,11.22,6,0.6000000000000001,0.3999999999999999,0.26462917663683094,-156580.0496157516,-0.0022606937912455333,0.0028285474183020365,32.58865415566718,29.19195963963075,2.5
623,11.23,7,0.7000000000000001,0.29999999999999993,0.579719408638174,-156754.0602150972,-0.0027237772016240717,0.0025896500637428792,34.83704389002823,26.953985554488213,2.5
624,11.24,8,0.8,0.19999999999999996,0.9348067974838581,-156577.20425613347,-0.0026035359596136482,0.0022188243931314236,33.7481258283756,26.81349829909202,2.5
625,11.25,8,0.8,0.19999999999999996,0.9418236805512139,-156692.68560177472,-0.0025990826701327136,0.002655407613616903,32.5282679516737,31.26915010793763,2.5
626,11.26,8,0.8,0.19999999999999996,0.49883984934064646,-156771.15178993784,-0.0023197775059320405,0.002683806613118213,29.120925841440588,32.11657953789904,2.5
627,11.27,9,0.9,0.09999999999999998,0.9937595262610547,-156896.42041210557,-0.0022474346626344325,0.002329210323461295,30.924909576366858,30.30538618867351,2.5
628,11.28,10,1.0,0.0,0.5299760525712522,-157059.62413873174,-0.0024131152669079393,0.002447036916756188,31.761944729500932,31.946892982752495,2.5
629,11.29,10,1.0,0.0,0.9999709968450109,-157077.55376545223,-0.002317461868822822,0.002533413126097787,29.079436814498496,35.094464927005646,2.5
630,11.3,10,1.0,0.0,0.9999635408805531,-157106.55651140114,-0.0022119801518533594,0.0024131439739551704,27.738594379873867,34.080333687758426,2.5
631,11.31,10,1.0,0.0,0.9977915763370485,-156954.99918311444,-0.002215379931393859,0.002491088096058104,28.138954971841542,34.80635738481383,2.5
632,11.32,10,1.0,0.0,0.9989991630738697,-157071.42395176593,-0.002381904578186673,0.002603547524672097,32.81483950303296,34.957150368551964,2.5
633,11.33,10,1.0,0.0,0.9580777178488399,-157147.243337086,-0.0025012655600188173,0.002552262527147635,31.335374243492346,33.395340173231254,2.5
634,11.34,10,1.0,0.0,0.9732045453337463,-157073.26255791137,-0.00227423345868383,0.002273415690093118,27.568875151278856,29.994819023123416,2.5
635,11.35,10,1.0,0.0,0.9302474160645792,-157096.10181622117,-0.002267591992958569,0.00225118244813873,29.805938912683082,29.00683690061383,2.5
636,11.36,9,0.9,0.09999999999999998,0.8207733859162762,-156777.48342577918,-0.0024734706069221035,0.0026454081640897363,33.28152774442506,33.403320568989656,2.5
637,11.37,9,0.9,0.09999999999999998,0.9999982921872362,-156908.2857681274,-0.002465063226775037,0.002622825473643435,33.356982780415784,33.38927493153849,2.5
638,11.38,9,0.9,0.09999999999999998,0.9990881979519965,-156876.65230264154,-0.0024277672057990956,0.0024129671501593435,32.50164812910585,32.983889522534355,2.5
639,11.39,8,0.8,0.19999999999999996,0.3610705063715819,-156813.83096050148,-0.0025355066204794056,0.0024602120333922116,31.27114679227982,31.28097336348111,2.5
640,11.4,9,0.9,0.09999999999999998,0.9918361394879571,-156812.986949821,-0.0023586677646413503,0.0026093505426472152,30.277441798048326,33.3213223971049,2.5
641,11.41,9,0.9,0.09999999999999998,0.9668032610654064,-156898.25907588337,-0.0022740732762268723,0.0027621397270542595,28.861326276616605,34.333096306798915,2.5
642,11.42,9,0.9,0.09999999999999998,0.9724578828398399,-156898.99022929068,-0.0025655896633592014,0.0026780946385463514,32.73854090062879,34.21054978024144,2.5
643,11.43,8,0.8,0.19999999999999996,0.12870011813535556,-156795.0262354485,-0.0025918537679783197,0.002345785632721299,35.21061981613245,31.855103216737014,2.5
644,11.44,9,0.9,0.09999999999999998,0.7194498776980429,-156881.31247371016,-0.0024979407108419757,0.002558990844634927,32.811044100833605,33.68591958041446,2.5
645,11.45,8,0.8,0.19999999999999996,0.9551801644369787,-156820.91873427565,-0.002243539562595453,0.0026288912142350155,28.119270255686395,32.169805701942025,2.5
646,11.46,8,0.8,0.19999999999999996,0.40836659988086277,-156788.11686825575,-0.002058880265924716,0.0023632748281547,26.57737950417112,31.1201850154756,2.5
647,11.47,7,0.7000000000000001,0.29999999999999993,0.7681665529704612,-156687.27766222158,-0.0027178204714423744,0.002509962714207287,33.680256248167886,32.812497287867316,2.5
648,11.48,7,0.7000000000000001,0.29999999999999993,0.9944095869305654,-156750.9174751846,-0.0027004178211930798,0.0025209542825957295,35.16899159023082,33.93957080222112,2.5
649,11.49,7,0.7000000000000001,0.29999999999999993,0.9731053397815601,-156729.4578099773,-0.0020077837781960206,0.002436689713282969,26.901605311942543,31.720723963569462,2.5
650,11.5,7,0.7000000000000001,0.29999999999999993,0.6634931360232135,-156633.6302072227,-0.0019358595648996926,0.0022206880952800557,25.26257114778464,26.571778490758454,2.5
651,11.51,7,0.7000000000000001,0.29999999999999993,0.3392386691699013,-156822.63180183826,-0.0023538820449770597,0.0020622716433856803,29.11315947446352,23.54133749835399,2.5
652,11.52,6,0.6000000000000001,0.3999999999999999,0.9850577896789803,-156634.55358956495,-0.002677832129962231,0.002484195754849706,33.67188614000082,27.360199341525558,2.5
653,11.53,6,0.6000000000000001,0.3999999999999999,0.9135525222316503,-156623.94987553242,-0.0025757392958555116,0.002641538216766209,36.105604133212935,28.53783388048318,2.5
654,11.54,5,0.5,0.5,0.7885318808056144,-156581.5848069551,-0.0023085271499888992,0.002284730260555271,30.780734677513788,23.654995394622528,2.5
655,11.55,6,0.6000000000000001,0.3999999999999999,0.8551004983241618,-156579.72817959695,-0.002131775006711454,0.002022621402275208,29.035807991745127,22.014263961845206,2.5
656,11.56,5,0.5,0.5,0.897976894076349,-156651.36909287225,-0.002447671637725212,0.0022070838938567285,31.574946446402016,23.47652775375306,2.5
657,11.57,6,0.6000000000000001,0.3999999999999999,0.4480535503730729,-156664.97155552727,-0.0027242406661156715,0.002671045726880185,34.32879845719105,28.355485241353186,2.5
658,11.58,7,0.7000000000000001,0.29999999999999993,0.7033006259608652,-156721.1192923332,-0.002503921888756318,0.0026153958963642714,32.61644616294428,27.83480633237522,2.5
659,11.59,8,0.8,0.19999999999999996,0.9920804740378034,-156760.89867920498,-0.002180836316829532,0.00211909792278096,29.19937228071063,24.461114020333298,2.5
660,11.6,8,0.8,0.19999999999999996,0.9134049414382536,-156776.03034119098,-0.002261980891818432,0.0019706448824080404,29.990281708770507,24.245120373939294,2.5
661,11.61,8,0.8,0.19999999999999996,0.19078562384351003,-156784.910119491,-0.0025750053335615508,0.002349589121397017,33.36654734313133,29.709087554032646,2.5
662,11.62,9,0.9,0.09999999999999998,0.9988937676020002,-156870.7823150965,-0.0024139297097140965,0.0024552413563968013,32.00634275968964,32.87602258321993,2.5
663,11.63,10,1.0,0.0,0.6434168227905446,-157096.60357430563,-0.0023630507736575545,0.002627031002076786,28.915252676668057,33.53477802169094,2.5
664,11.64,10,1.0,0.0,0.867092260543133,-157121.26961666357,-0.002030045278079216,0.0023717956125892895,27.034530594042863,33.43616897861223,2.5
665,11.65,10,1.0,0.0,0.9884511059900506,-157180.39109957765,-0.002202396606155848,0.002363700722214845,27.63561250608508,32.0431366951704,2.5
666,11.66,10,1.0,0.0,0.9989281964296252,-157066.15313655243,-0.00254629430633815,0.0026020723800710406,32.01167286166959,34.166296249963985,2.5
667,11.67,10,1.0,0.0,0.9936010577370812,-157066.09096187938,-0.0022766447725205917,0.002531144911304815,29.89247887639588,33.618333977509714,2.5
668,11.68,10,1.0,0.0,0.9945145390921533,-157143.42434793786,-0.002399274953601043,0.0024407084668475907,32.323927209559955,30.870854901317614,2.5
669,11.69,9,0.9,0.09999999999999998,0.7811740623427892,-156980.68982363344,-0.0025337852446597805,0.0025274864130382687,32.112810830137555,31.776137002673263,2.5
670,11.7,9,0.9,0.09999999999999998,0.9985384033879613,-156899.00153110462,-0.0023909212140675504,0.00259268654939519,29.318128833703213,32.97162721807115,2.5
671,11.71,9,0.9,0.09999999999999998,0.90058436043266,-156836.88617999034,-0.0024498764993630957,0.0026173890834088566,30.928022166039852,33.27897469036212,2.5
672,11.72,8,0.8,0.19999999999999996,0.582475580168285,-156755.96261300027,-0.002560514228133464,0.002481196753051085,34.81942650789097,32.36957664465248,2.5
673,11.73,9,0.9,0.09999999999999998,0.9982021241310841,-156889.9650196732,-0.0026092675749746224,0.002861287740095036,34.955885763675255,37.06265881690757,2.5
674,11.74,9,0.9,0.09999999999999998,0.5414372426233991,-156926.85446485656,-0.0024458830966281424,0.0025204270532256257,33.33846307453862,34.311479172095474,2.5
675,11.75,10,1.0,0.0,0.8885467926347417,-157098.649413294,-0.0024285185256940514,0.002458126332273876,30.63598986636573,36.44172523335791,2.5
676,11.76,10,1.0,0.0,0.9938705767389017,-157190.3510102957,-0.002415882722430615,0.0026506031978402234,29.574145377743605,38.5269222047595,2.5
677,11.77,10,1.0,0.0,0.9998062569586027,-157211.7582814307,-0.0021782133134677574,0.0026426328930010574,29.620506335743116,38.672174852402854,2.5
678,11.78,10,1.0,0.0,0.9982192294726506,-157182.00186778736,-0.0023204105918184395,0.0025389051207460214,30.161118494161062,34.93967769534419,2.5
679,11.79,10,1.0,0.0,0.9994663432596248,-157089.56754598152,-0.0025472779495183786,0.0024377733615732217,33.36510012430126,35.42490587361489,2.5
680,11.8,10,1.0,0.0,0.9978168038159025,-157162.19733978092,-0.002313423079853558,0.0026409585655258194,28.294401232048585,37.36198032134607,2.5
681,11.81,10,1.0,0.0,0.9893387271950538,-157177.79764464416,-0.0023330736796314975,0.0024551747805633167,29.768837545012154,34.18981773421448,2.5
682,11.82,10,1.0,0.0,0.6898328960262272,-157198.95235739416,-0.0023715112182546923,0.002463172716731665,30.24281318736402,33.64662228665952,2.5
683,11.83,10,1.0,0.0,0.9147425989995179,-157175.84486217433,-0.0023584203369054935,0.0027344335966554877,29.318177281289486,35.01545091018075,2.5
684,11.84,9,0.9,0.09999999999999998,0.9774979021182498,-156915.95319349383,-0.002425004575600494,0.0025272098566980353,33.46998589766142,31.59079483971058,2.5
685,11.85,9,0.9,0.09999999999999998,0.8941036752463416,-156999.59538479094,-0.00242813283458602,0.002308741505478517,32.3004583476122,27.407300195007497,2.5
686,11.86,8,0.8,0.19999999999999996,0.9962486505884209,-156801.76263409556,-0.0024012352700478173,0.002321279547846179,31.779956220107035,27.78938191945602,2.5
687,11.87,7,0.7000000000000001,0.29999999999999993,0.9156300824967254,-156760.35326636425,-0.002313197392753686,0.002223267628784968,29.456099727022035,26.266514273881572,2.5
688,11.88,7,0.7000000000000001,0.29999999999999993,0.8040304964943276,-156747.29326043028,-0.002339194845507733,0.0025161978860585585,30.401364224824203,33.99587293014531,2.5
689,11.89,6,0.6000000000000001,0.3999999999999999,0.42625126992315415,-156736.5418257164,-0.002467199145628206,0.0027588017862004415,30.77029526685812,40.132719511902835,2.5
690,11.9,1,0.1,0.9,0.596453269839768,-156656.7209562154,-0.002421779682291811,0.002445343645006151,29.61016610518292,35.474336295908444,2.5
691,11.91,1,0.1,0.9,0.9970034566044724,-156567.5892626908,-0.002006003954495748,0.002179246844067821,25.470309350869304,33.1100456601595,2.5
692,11.92,1,0.1,0.9,0.9413997465817227,-156673.30582940698,-0.0023955257794721976,0.0022649022742805914,29.22349964769718,32.02231785361263,2.5
693,11.93,0,0.0,1.0,0.9979297293346631,-156875.23331401916,-0.002609806741975236,0.0027376955485551384,32.65922447062685,36.60063366955237,2.5
694,11.94,0,0.0,1.0,0.9797549497633753,-156764.4198470621,-0.0025172526906359293,0.002703432726706994,37.22215864282226,38.032945303144935,2.5
695,11.95,0,0.0,1.0,0.9973596672959375,-156805.22764848126,-0.002623210635268124,0.0025091944253720806,35.604364111733474,33.484496484464714,2.5
696,11.96,0,0.0,1.0,0.9961192725845608,-156907.5372897037,-0.002281899247323769,0.00217872527762813,31.387119900558158,33.16343201899401,2.5
697,11.97,0,0.0,1.0,0.9375943907049417,-156907.29313802466,-0.0023677374295640857,0.0024329767566698603,28.39401986579611,36.41359570181503,2.5
698,11.98,0,0.0,1.0,0.9794228537160276,-156830.84655873134,-0.00268340338073203,0.0026077908464321297,31.95608451382791,38.581726018045124,2.5
699,11.99,0,0.0,1.0,0.3194384529178195,-156812.53470171627,-0.002617510472464451,0.0024201373577087946,34.13214465649477,35.66843251356577,2.5
700,12.0,1,0.1,0.9,0.3967295201128464,-156613.87260724645,-0.0027053285409681643,0.0026347728811153045,34.489040774017724,34.70416538642874,2.5
701,12.01,1,0.1,0.9,0.8198689264188266,-156687.6346678113,-0.002294556554240951,0.0025715586945408144,32.26287326519162,35.71304042757265,2.5
702,12.02,1,0.1,0.9,0.9738674577304529,-156667.7662125238,-0.002487718255283752,0.0024604514962249706,32.63966138154241,36.262681418651724,2.5
703,12.03,1,0.1,0.9,0.9857027858588256,-156628.20036808375,-0.0025513675796268506,0.0023025785396097107,32.32952143540311,35.016023911803764,2.5
704,12.04,1,0.1,0.9,0.7427895013899135,-156687.63215761006,-0.0023117077010547313,0.0024849698380171887,28.905580532519743,36.90444301508576,2.5
705,12.05,2,0.2,0.8,0.9983666015650258,-156583.61496770123,-0.0024260391850405385,0.00252819039991226,30.79976555456549,35.51892811051094,2.5
706,12.06,2,0.2,0.8,0.9814189932837448,-156729.2288786439,-0.002238248640972643,0.0024264874979761097,28.734387357987078,34.82193717666325,2.5
707,12.07,2,0.2,0.8,0.9694023974260247,-156599.14043299158,-0.0027026673624808597,0.0023790610837867363,34.07188068731537,35.372433720331884,2.5
708,12.08,2,0.2,0.8,0.8841166981976833,-156597.1666239034,-0.0025385254209084004,0.0024960239244229436,31.909461748296536,35.549869455707565,2.5
709,12.09,2,0.2,0.8,0.2486958150691874,-156605.91144245712,-0.001989581750909584,0.00248215468182703,24.996593712712475,35.083581518820175,2.5
710,12.1,3,0.30000000000000004,0.7,0.7840434138023273,-156584.69226898006,-0.0022675656486636185,0.0025219834120812105,27.05271654426422,34.72402437948232,2.5
711,12.11,4,0.4,0.6,0.6930481389973824,-156539.35954633311,-0.002896304331764546,0.00240543993580497,34.91351014910483,33.683394104899605,2.5
712,12.12,5,0.5,0.5,0.9499547801803861,-156698.89571267145,-0.002454492616113927,0.0024789951747637845,31.16778766616311,36.11950220729333,2.5
713,12.13,4,0.4,0.6,0.05487650553306524,-156643.0571832483,-0.0022968860462994315,0.0027178833940417558,31.65677493778015,37.872462500518026,2.5
714,12.14,5,0.5,0.5,0.7172058195506579,-156671.1781784495,-0.0021179371928135753,0.0024360096468907574,26.986151076189937,31.437848524639808,2.5
715,12.15,6,0.6000000000000001,0.3999999999999999,0.7833169780782885,-156612.60122865162,-0.002099536458857384,0.002179830726956167,27.229491001132445,31.326676867480916,2.5
716,12.16,7,0.7000000000000001,0.29999999999999993,0.9590343155153126,-156714.02017519792,-0.0025897667902321227,0.0023466555725931556,30.36902385264537,34.0964004871516,2.5
717,12.17,7,0.7000000000000001,0.29999999999999993,0.6232024519853097,-156789.6308936101,-0.0028757751440292322,0.0027466918514535152,34.181780049473,36.99104566477386,2.5
718,12.18,8,0.8,0.19999999999999996,0.9888512203085145,-156819.75184884877,-0.001967295154329432,0.002547406518274147,26.872924536298985,35.36963785830455,2.5
719,12.19,8,0.8,0.19999999999999996,0.9953202873414684,-156822.75585977963,-0.002166606032438225,0.0023997088807241797,28.17203773365396,29.669581886912656,2.5
720,12.2,8,0.8,0.19999999999999996,0.8636190003306353,-156781.6910687966,-0.002376495581021968,0.0023283639326818844,31.446053676543197,30.693447523060335,2.5
721,12.21,8,0.8,0.19999999999999996,0.6315808996589762,-156816.8136727164,-0.002467579088880452,0.002278942959067672,30.53315653777103,29.719539502908102,2.5
722,12.22,7,0.7000000000000001,0.29999999999999993,0.31238899419800464,-156729.4851394579,-0.0026748927455924683,0.0026312278823280265,33.35280709385526,32.99984552789471,2.5
723,12.23,8,0.8,0.19999999999999996,0.16489783550262815,-156781.3405520995,-0.0023477698354885767,0.002509090030926249,30.887053813156527,34.13829958538631,2.5
724,12.24,7,0.7000000000000001,0.29999999999999993,0.6744090339959854,-156753.58624145138,-0.0023759914532827794,0.0023147230107924575,30.312797925019645,29.544775471679376,2.5
725,12.25,5,0.5,0.5,0.12625847351835334,-156700.89167876102,-0.0022257622397791332,0.002477467297630491,27.844280641824376,34.310974108993776,2.5
726,12.26,3,0.30000000000000004,0.7,0.9175803091098585,-156581.27574120846,-0.0024496399684555584,0.0024639866107618253,31.331355386513053,33.77256767772194,2.5
727,12.27,5,0.5,0.5,0.1295634385456833,-156663.60234612573,-0.0026291252699571672,0.002577818933491803,31.838935971431287,36.23426682888393,2.5
728,12.28,6,0.6000000000000001,0.3999999999999999,0.9978925959484303,-156530.8294150844,-0.002327218297346629,0.0025667796505535394,29.875907689131008,35.615611090939076,2.5
729,12.29,6,0.6000000000000001,0.3999999999999999,0.639966487279323,-156703.19804895343,-0.0021260314960315466,0.0026109720195402063,26.121901789741585,33.60671220048154,2.5
730,12.3,7,0.7000000000000001,0.29999999999999993,0.8304119856785445,-156663.0636361006,-0.002159662713455089,0.0022796689528614333,28.701279129581383,32.36463755116515,2.5
731,12.31,7,0.7000000000000001,0.29999999999999993,0.1069615144602198,-156636.11766133417,-0.002373277918700553,0.0024012895881990837,30.056938852777527,33.66645807197399,2.5
732,12.32,6,0.6000000000000001,0.3999999999999999,0.7604446499708776,-156622.10626830038,-0.0027042192048465107,0.0025139446501132195,33.16695110575473,36.84601015526734,2.5
733,12.33,9,0.9,0.09999999999999998,0.08219100473260166,-156917.2168285831,-0.002618143490020269,0.0022267637440105854,33.41111595871001,29.272294563978747,2.5
734,12.34,9,0.9,0.09999999999999998,0.80228706552515,-156892.46181932976,-0.0022590972439857893,0.0027471994608759473,29.40139721681918,33.746336237799945,2.5
735,12.35,8,0.8,0.19999999999999996,0.70515989686766,-156782.18719098397,-0.0022414965877485967,0.0027875865035954113,29.708762456456867,30.719291447930726,2.5
736,12.36,9,0.9,0.09999999999999998,0.8560571327744959,-156939.01458418323,-0.0023487852086199103,0.0023059195598607333,30.26006663499855,30.251638389597346,2.5
737,12.37,8,0.8,0.19999999999999996,0.31115782617508425,-156724.99267665882,-0.002748545216689672,0.0020253031117371117,33.97445327198255,27.303534956577057,2.5
738,12.38,8,0.8,0.19999999999999996,0.3459388532161277,-156763.71485512634,-0.0022994077965284784,0.002451399880897696,29.261231683294707,37.07696086418354,2.5
739,12.39,6,0.6000000000000001,0.3999999999999999,0.27345697873895264,-156624.93046849026,-0.0024580839065064023,0.002767686663239657,30.91825807152478,35.63885960829026,2.5
740,12.4,7,0.7000000000000001,0.29999999999999993,0.4360985959919896,-156553.39420499705,-0.002198667474110905,0.002425079224955576,29.518482881187627,34.58900853080682,2.5
741,12.41,5,0.5,0.5,0.48534107287241557,-156598.93291666338,-0.0024767208146419385,0.0022725572892395743,31.904630998011253,30.62335903528878,2.5
742,12.42,4,0.4,0.6,0.956222166498729,-156512.7508622436,-0.002328716317953908,0.0025493687818574856,28.43928144746065,32.953497048637544,2.5
743,12.43,3,0.30000000000000004,0.7,0.8736160300634429,-156542.1917101304,-0.0021486067653612357,0.002493483066723524,28.17332363449627,37.07448286739224,2.5
744,12.44,4,0.4,0.6,0.8502387047997272,-156625.821714319,-0.0027168029958705643,0.002575673496305923,31.454403891570223,35.51227331702689,2.5
745,12.45,3,0.30000000000000004,0.7,0.5231329553557448,-156582.42421627062,-0.0025012044078892557,0.002303116131125094,32.55033223055336,36.175137042196916,2.5
746,12.46,4,0.4,0.6,0.6658533227591894,-156595.610585689,-0.002364448457585713,0.002463069502371769,30.358841672034714,31.832250687842713,2.5
747,12.47,5,0.5,0.5,0.8651405587230571,-156580.68335703074,-0.0022223154298713237,0.002656943946007148,29.06187801353556,35.405169233997505,2.5
748,12.48,5,0.5,0.5,0.22842283024512483,-156642.060688748,-0.0024878518477108075,0.002459756699323943,31.48440136672963,33.57932158064376,2.5
749,12.49,6,0.6000000000000001,0.3999999999999999,0.9688088493447596,-156590.80354231544,-0.0025509448819560857,0.0023234224076189545,31.412424563849793,35.259026356223806,2.5
750,12.5,7,0.7000000000000001,0.29999999999999993,0.5317401703403704,-156734.2562182454,-0.0022258871772097917,0.002560113066192168,27.065228589073442,35.62728697904019,2.5
751,12.51,6,0.6000000000000001,0.3999999999999999,0.8972751526677959,-156570.51722895453,-0.0022755181580337708,0.0025267249405618785,28.746540824351467,33.02034213135361,2.5
752,12.52,7,0.7000000000000001,0.29999999999999993,0.32570409163252034,-156667.66097992004,-0.002511393679960809,0.0024439141912149507,32.46612007430153,33.31036967484545,2.5
753,12.53,6,0.6000000000000001,0.3999999999999999,0.6705914403795058,-156650.5090824721,-0.0026612463314340043,0.002348039252744817,35.19645795958678,32.689127600168156,2.5
754,12.54,8,0.8,0.19999999999999996,0.09065799292470532,-156682.36799660858,-0.002156359741056344,0.0026427210619552554,27.104646477271466,35.38559343784929,2.5
755,12.55,9,0.9,0.09999999999999998,0.46095038969403024,-156929.90865583517,-0.0022439056432625236,0.002590321306015091,28.784340108511717,34.17713545629461,2.5
756,12.56,9,0.9,0.09999999999999998,0.9831498535620385,-156859.0047630469,-0.0023042003148693226,0.0024176417970458875,27.857429323346704,33.06097520156313,2.5
757,12.57,9,0.9,0.09999999999999998,0.6145510523874201,-156901.83811658068,-0.002413858880401686,0.00232776060314353,31.448002959666326,30.264038642476283,2.5
758,12.58,8,0.8,0.19999999999999996,0.7323321495733016,-156796.763607485,-0.0024090667508509258,0.0025704559292509237,30.059728890355572,33.77756618174376,2.5
759,12.59,9,0.9,0.09999999999999998,0.9011773753684023,-156844.04152083592,-0.0023844317553045444,0.00226095506490491,31.962163880495236,30.45438292372606,2.5
760,12.6,9,0.9,0.09999999999999998,0.017693571775927456,-156963.98885914107,-0.0022771298900191236,0.0023523886816840815,29.91120725740129,33.264944503254846,2.5
761,12.61,10,1.0,0.0,0.9998433814482172,-157099.530336021,-0.0026210945861545277,0.002942298173991872,30.671451494983568,36.56344450707438,2.5
762,12.62,10,1.0,0.0,0.9999996418114239,-157177.45674062232,-0.002172326853621719,0.0023077425203900086,29.14251663862432,30.362400126985566,2.5
763,12.63,10,1.0,0.0,0.9999979417421807,-157151.06528809379,-0.002445452488553712,0.0023428677121325376,32.15564929928535,28.72538238851152,2.5
764,12.64,10,1.0,0.0,0.9953265919172121,-157259.4732813213,-0.0023868789698624124,0.0027434404187612798,29.831812506694305,32.963299005803435,2.5
765,12.65,10,1.0,0.0,0.9997257312347189,-157169.4190919125,-0.0021821382594489243,0.002304502397591648,30.874007893653648,32.37789679553106,2.5
766,12.66,10,1.0,0.0,0.9999845025583937,-157204.49941433436,-0.0025709551490497693,0.002464361423852519,30.60460952856219,33.3645464344057,2.5
767,12.67,10,1.0,0.0,0.9979316928578784,-157189.40904450076,-0.002326709319391196,0.0025289505582943425,29.400061040641155,38.29704702588715,2.5
768,12.68,10,1.0,0.0,0.982074582115381,-157218.97575728348,-0.002144430535968005,0.0024973192527321464,27.205868351221675,33.12239047315908,2.5
769,12.69,10,1.0,0.0,0.6245057817721043,-157203.60572871313,-0.0024618943438314543,0.0027119303156894316,31.729254183653083,35.40764975791981,2.5
770,12.7,9,0.9,0.09999999999999998,0.9980092910433579,-156957.98571084638,-0.0023816887594013164,0.0025375818843554844,33.35061657525571,34.292801315909315,2.5
771,12.71,9,0.9,0.09999999999999998,0.9967468182037662,-157010.89344213513,-0.002461392448159485,0.0024324747290860116,31.318992942699655,31.808061337440424,2.5
772,12.72,8,0.8,0.19999999999999996,0.9643911642466005,-156774.65417870236,-0.002513948277201606,0.002624138957772163,32.564656290251556,35.19769184622512,2.5
773,12.73,8,0.8,0.19999999999999996,0.36325497918311406,-156801.11036710575,-0.002237644963515732,0.002451469653278095,29.275053286521285,33.7481328814518,2.5
774,12.74,8,0.8,0.19999999999999996,0.37506407543053094,-156777.2127837608,-0.002439495289778456,0.0024517518540994026,31.356491602850756,33.317590643684284,2.5
775,12.75,7,0.7000000000000001,0.29999999999999993,0.5065107249409733,-156646.55375982722,-0.002525437904315093,0.002399886144688985,33.11192929886685,30.23064675959832,2.5
776,12.76,9,0.9,0.09999999999999998,0.9624096272833348,-157015.15886619818,-0.0024272292202466195,0.002750765278670029,31.278930502264117,34.510991118855856,2.5
777,12.77,9,0.9,0.09999999999999998,0.5559130746563737,-157012.0714577675,-0.002541463229778845,0.0027274196340836086,32.089055144957335,33.744332687566505,2.5
778,12.78,9,0.9,0.09999999999999998,0.986781325094743,-156915.25147228682,-0.002406035862823835,0.002335188038965193,31.731575463214558,32.28987898082819,2.5
779,12.79,8,0.8,0.19999999999999996,0.6374092637693803,-156819.48448533565,-0.0024092137304961804,0.002598696151697958,30.42285135178953,35.27301670927058,2.5
780,12.8,7,0.7000000000000001,0.29999999999999993,0.7594484350940794,-156775.8439727318,-0.0024867582638168754,0.002606700694995941,33.11250177137522,36.21502796496029,2.5
781,12.81,7,0.7000000000000001,0.29999999999999993,0.6518278979098561,-156693.1300965931,-0.0024135262885836718,0.0023718410588087924,31.515047682096686,30.642907534307184,2.5
782,12.82,6,0.6000000000000001,0.3999999999999999,0.8740226512973023,-156724.70460266728,-0.0025628337009455534,0.002470332476288385,33.654119128630505,30.33700838307813,2.5
783,12.83,5,0.5,0.5,0.2929665001503705,-156661.35736708422,-0.0026764766626123596,0.002623304370488693,33.4422570463415,30.20779751776608,2.5
784,12.84,6,0.6000000000000001,0.3999999999999999,0.7328214841173959,-156676.621886057,-0.002440782191565619,0.002350620018822699,32.677794199186216,27.999095667045545,2.5
785,12.85,7,0.7000000000000001,0.29999999999999993,0.7025597198942442,-156732.0854706276,-0.002574862590521634,0.0026681631352986567,32.43743080854001,31.858712098333413,2.5
786,12.86,6,0.6000000000000001,0.3999999999999999,0.31061092310613597,-156690.23897427387,-0.0027217579499121186,0.002720938787995107,35.09283689716104,32.53218338674096,2.5
787,12.87,5,0.5,0.5,0.05206490179156677,-156551.81592949177,-0.002412985712541368,0.002521656279953893,31.4948935213224,32.23829590585918,2.5
788,12.88,4,0.4,0.6,0.9205407616002391,-156578.90937172886,-0.0024661828867516824,0.002405992388169773,33.092550806756364,31.23997448268442,2.5
789,12.89,4,0.4,0.6,0.5270528683652386,-156679.0086205053,-0.0024966090089314323,0.002549569723812713,30.583640968704913,30.82425983828523,2.5
790,12.9,5,0.5,0.5,0.10806231141476165,-156620.7151211562,-0.0023459195200524465,0.002277371307942122,30.754475647299536,27.937871814313596,2.5
791,12.91,4,0.4,0.6,0.1620418776166121,-156575.98290034867,-0.0024541225024831124,0.002344284161138753,31.900058382969863,29.59039198381643,2.5
792,12.92,1,0.1,0.9,0.5574924215349072,-156624.5783554425,-0.0029050993878506006,0.002531785784031443,38.24363032154795,30.424911709862346,2.5
793,12.93,1,0.1,0.9,0.4969399600921499,-156629.3274688696,-0.002538139029221463,0.0024364909201603454,35.054570445274905,28.890711816984528,2.5
794,12.94,1,0.1,0.9,0.8000542576739007,-156583.87702260775,-0.0025498257047791807,0.0025795368015618988,32.990072790478024,29.20200950573819,2.5
795,12.95,2,0.2,0.8,0.5807863301581763,-156646.11698517646,-0.0026507849780829282,0.0024775280843087615,33.121746345211676,28.507921648246818,2.5
796,12.96,1,0.1,0.9,0.4286374861569876,-156622.1657789843,-0.0026274648401701786,0.00256331572058396,32.004812802716266,32.1641470397856,2.5
797,12.97,2,0.2,0.8,0.887427734830073,-156644.47173745718,-0.002728123986465598,0.002404771582606234,35.11654700304249,29.335704742458027,2.5
798,12.98,2,0.2,0.8,0.1904388549852893,-156611.3410315687,-0.002488509666080997,0.0024563040321384628,33.16551957820414,29.96182270743645,2.5
799,12.99,3,0.30000000000000004,0.7,0.9650615596470815,-156537.52885552513,-0.002654933570367331,0.0025497512971638307,37.12977067537539,29.704893847642072,2.5
800,13.0,3,0.30000000000000004,0.7,0.9672426686767449,-156592.7903609731,-0.0024644038897293076,0.0027257507535769195,31.84734990135554,33.15661314959581,2.5
801,13.01,3,0.30000000000000004,0.7,0.647004091490741,-156496.3283107175,-0.0026972259203390213,0.0022085171443771263,35.30136969139591,27.1446073662204,2.5
802,13.02,5,0.5,0.5,0.06289640554308558,-156666.5824681538,-0.002801003964668574,0.0024324222584674324,33.4505959617646,28.882764366666084,2.5
803,13.03,6,0.6000000000000001,0.3999999999999999,0.305670968361256,-156605.64691190573,-0.0023778890813449475,0.002562118839526707,32.545115015031904,30.866799149049076,2.5
804,13.04,7,0.7000000000000001,0.29999999999999993,0.8350690081903022,-156722.2295246182,-0.002325105693923041,0.002630443307672228,31.28410315444204,33.88239813193212,2.5
805,13.05,8,0.8,0.19999999999999996,0.9859936115348167,-156884.1031550467,-0.002873709510060989,0.002362619015683913,35.73089321907039,29.78454203132162,2.5
806,13.06,8,0.8,0.19999999999999996,0.877021448287563,-156736.72000375317,-0.00242568616095274,0.0024366565086330035,30.572585485592796,33.10533719683276,2.5
807,13.07,9,0.9,0.09999999999999998,0.5056132298203347,-157009.79563074678,-0.0023932157640848438,0.002865499832135154,31.773186713513148,36.022898015365605,2.5
808,13.08,10,1.0,0.0,0.15431218845208766,-157168.20095646754,-0.002410965697812172,0.0027430999427580267,32.744081247144166,35.12484862289991,2.5
809,13.09,10,1.0,0.0,0.969925143491394,-157091.99646516395,-0.002413721910776882,0.002302961496541205,31.558446058595145,33.48553770093247,2.5
810,13.1,10,1.0,0.0,0.9840284311194867,-157230.25952590833,-0.0026024579341495484,0.0024107848201471234,29.507842115382484,32.24362650462945,2.5
811,13.11,9,0.9,0.09999999999999998,0.6445608449783461,-156925.21089442517,-0.0019969085110733385,0.0024837224917604642,26.841699328671858,36.27496818756182,2.5
812,13.12,9,0.9,0.09999999999999998,0.948123205495664,-157064.76123010542,-0.002355054233903131,0.002910556772610132,29.641789694442743,38.67877560095582,2.5
813,13.13,8,0.8,0.19999999999999996,0.9655934570260543,-156776.62956159058,-0.0026822502737079918,0.002705133093732049,34.09039536298389,39.29035157985767,2.5
814,13.14,7,0.7000000000000001,0.29999999999999993,0.8994818824233222,-156736.85225457666,-0.0023349755573453053,0.0019735105913278963,31.4020969208711,30.150030079316373,2.5
815,13.15,6,0.6000000000000001,0.3999999999999999,0.8310926499167876,-156677.6689087193,-0.002207442707425689,0.0024585323146861494,26.97667872159712,32.477970362372446,2.5
816,13.16,4,0.4,0.6,0.8925762737901014,-156680.4764148416,-0.002100440492711095,0.0025428985846167556,27.532530486631046,29.70306565310977,2.5
817,13.17,4,0.4,0.6,0.27246155453556065,-156666.39404039766,-0.00230355484092052,0.002413105465410983,30.667622029564324,30.799202922357523,2.5
818,13.18,5,0.5,0.5,0.7827237678013653,-156583.35259756236,-0.0029256137787809743,0.002519885938399298,35.78036374562308,33.41017995419405,2.5
819,13.19,3,0.30000000000000004,0.7,0.8544079049276528,-156776.00931919913,-0.0023548087053933972,0.0025088496495730885,30.034632590223335,34.70854116758345,2.5
820,13.2,2,0.2,0.8,0.1785525624134502,-156620.32631504434,-0.001969953032081592,0.0023636116940572126,25.668074365411513,31.79145123678152,2.5
821,13.21,2,0.2,0.8,0.6382803579636704,-156838.01819798432,-0.0022688086964207745,0.002428005691946215,26.96607947191738,35.399823974960036,2.5
822,13.22,1,0.1,0.9,0.9926932007795978,-156727.5867847298,-0.002706303711343355,0.002349098262397502,32.083939713442575,37.26389999019352,2.5
823,13.23,0,0.0,1.0,0.9698814151860818,-156937.9366656374,-0.002613621685696473,0.0021897587175468847,33.30871736654242,35.17069555874267,2.5
824,13.24,0,0.0,1.0,0.999999906780114,-157003.3152910768,-0.002172473594252829,0.002674960610039218,30.542882617027296,38.600281721409466,2.5
825,13.25,0,0.0,1.0,0.9999989679113005,-156956.45872057372,-0.0016625329927099184,0.002766159644009707,25.110499484884077,36.15173111957794,2.5
826,13.26,0,0.0,1.0,0.9999997548682155,-156935.54828182707,-0.0019730413335714058,0.0022876929087601253,28.507611116070734,33.65997365965119,2.5
827,13.27,0,0.0,1.0,0.9997219126300366,-156967.67821337472,-0.0030629445508600886,0.0019490146701080682,38.71970756481429,32.569908713712096,2.5
828,13.28,0,0.0,1.0,0.9999983786708265,-156945.33253398133,-0.002893997481348465,0.0023431599980174925,35.262483607389925,38.665880932675094,2.5
829,13.29,0,0.0,1.0,0.9999927739792145,-156885.62466607167,-0.002364942735202694,0.002821875121868239,31.003790118637976,40.106894798443776,2.5
830,13.3,0,0.0,1.0,0.9999980106993609,-156956.42762675346,-0.0022670163401795774,0.0027249546448343967,28.495211306694127,35.58400722346773,2.5
831,13.31,0,0.0,1.0,0.9999755973131306,-156864.1070883138,-0.0024869871242101157,0.0022062085053397807,30.61522080064156,32.21874371696068,2.5
832,13.32,0,0.0,1.0,0.9998901455206589,-157035.98784048847,-0.002818891478674354,0.0024474137536329254,32.95907866621345,37.32376039987289,2.5
833,13.33,0,0.0,1.0,0.9656241950665614,-156921.4180966777,-0.0026821748110839325,0.002709652600772855,35.94493730527659,41.80748739325702,2.5
834,13.34,0,0.0,1.0,0.9718309190543839,-156949.80731153925,-0.002540366513524482,0.0024817445861778737,35.3533651911605,34.99653887146016,2.5
835,13.35,0,0.0,1.0,0.9762296845351589,-156936.15388183203,-0.0023255632492986907,0.002113773076623658,33.799338134836965,29.923422788382133,2.5
836,13.36,0,0.0,1.0,0.4642112683426579,-156970.62585800476,-0.0025547581905069395,0.0022809805494995268,36.743488093073445,30.454954815689515,2.5
837,13.37,1,0.1,0.9,0.9187263484053,-156701.61696053782,-0.0024961091632347103,0.002708598734065983,35.0880414849085,40.20483644978931,2.5
838,13.38,1,0.1,0.9,0.999999860455146,-156656.8952068533,-0.0026959454972897267,0.0026517727006047515,35.483629440039955,41.0010185201675,2.5
839,13.39,1,0.1,0.9,0.9999968258773297,-156725.91712429086,-0.002756508889387168,0.0022953622058041316,35.17485314370449,39.39623733717801,2.5
840,13.4,1,0.1,0.9,0.9988450420165439,-156650.7507337599,-0.0024863367037554,0.00241285667242488,30.256224631152936,39.03874305148418,2.5
841,13.41,1,0.1,0.9,0.9526769265006161,-156711.12492678268,-0.002229393392272673,0.0026891046478071867,26.77338046229481,38.72916026477912,2.5
842,13.42,2,0.2,0.8,0.6069439938997631,-156501.84538483823,-0.0024766448537959585,0.0024141751549993,30.459836709712715,34.67632803210688,2.5
843,13.43,2,0.2,0.8,0.892253989941825,-156723.97436522716,-0.0027568880379737377,0.002435635799164762,35.09613073231045,34.09068476728172,2.5
844,13.44,1,0.1,0.9,0.742664613996483,-156581.02708513677,-0.002386503557023035,0.0026720433120219125,31.027271819062772,40.73457613036242,2.5
845,13.45,1,0.1,0.9,0.8886147931317663,-156630.8296838455,-0.002492195377320909,0.00239504739132704,33.681592175499254,37.391460013710315,2.5
846,13.46,2,0.2,0.8,0.9639563869355379,-156577.70973850132,-0.0024075357236624864,0.0022995441260858216,31.771213454331495,36.92743323040434,2.5
847,13.47,2,0.2,0.8,0.8244062520153316,-156609.61689941894,-0.0022732615749288133,0.002417855144776963,28.10794463648888,35.27376081754655,2.5
848,13.48,3,0.30000000000000004,0.7,0.789057643430054,-156642.87334567512,-0.0021268259171589995,0.0023633581637772143,27.30630225873046,34.69138041978984,2.5
849,13.49,2,0.2,0.8,0.40790511724514505,-156652.4634867609,-0.0022834780407309254,0.0025017500981284802,29.54710653864136,36.20050629072851,2.5
850,13.5,1,0.1,0.9,0.8445822596135738,-156658.11510732977,-0.0024920312089440856,0.002572194867224719,31.957621638317203,37.142972204662726,2.5
851,13.51,1,0.1,0.9,0.9413944898878707,-156710.11989811482,-0.002415109809466388,0.002507234765722183,32.05915478523222,37.62232392446071,2.5
852,13.52,0,0.0,1.0,0.9784779614986122,-156837.8528976727,-0.0022496194378822925,0.002563328044061365,27.44440885829871,35.810537838610934,2.5
853,13.53,0,0.0,1.0,0.9999319994341572,-156873.947015218,-0.0021893693156431076,0.0023641219670326973,25.503381677817945,34.58619604798746,2.5
854,13.54,0,0.0,1.0,0.9862620465532027,-156897.18126819204,-0.002598726459230507,0.0022701771364705007,32.311252934096096,34.91945962131328,2.5
855,13.55,0,0.0,1.0,0.9955681074697754,-156929.29871120024,-0.002410938281627359,0.0026436246739857446,30.24679244989645,41.16191528919384,2.5
856,13.56,0,0.0,1.0,0.99514351381623,-156860.92685392412,-0.00223290567759004,0.002330471381260817,32.52181207362824,38.64862521265637,2.5
857,13.57,0,0.0,1.0,0.9883399227936129,-156957.67456037033,-0.002598581336137437,0.0023768944417057163,35.13925845663563,36.17744733980948,2.5
858,13.58,0,0.0,1.0,0.9961390076452431,-156886.33342207933,-0.0023089221608242456,0.0024984016181258638,32.875583894017645,35.83442952081855,2.5
859,13.59,1,0.1,0.9,0.7065417989499769,-156683.40857098886,-0.0023439833219654174,0.0025096456513301235,32.70864121702257,34.38616239963526,2.5
860,13.6,0,0.0,1.0,0.8630517511298769,-156946.28880847097,-0.0028245721230669312,0.002580890709208241,38.35466094863441,37.80467601562578,2.5
861,13.61,0,0.0,1.0,0.999994143779685,-157036.6731804611,-0.002711204645301009,0.0021867287472241773,36.87742162680579,32.958229778381835,2.5
862,13.62,0,0.0,1.0,0.9997404941823642,-156954.7597523626,-0.002604088650862216,0.0022694075891731996,34.074461667508,34.05801085568625,2.5
863,13.63,0,0.0,1.0,0.9992379978839214,-156909.78008298902,-0.0027270093620631085,0.0029164141278256893,34.29042187076953,39.89755806234738,2.5
864,13.64,0,0.0,1.0,0.2426638191430059,-156962.64008488719,-0.0024094191800326527,0.002540638564660876,29.83409605332104,36.83069408612243,2.5
865,13.65,1,0.1,0.9,0.9990197340092108,-156694.27342008037,-0.002789624931982088,0.0022977685764077895,35.36736595057096,33.135340125685005,2.5
866,13.66,1,0.1,0.9,0.9995842859593022,-156750.29503207305,-0.0028293259219838544,0.0026758364622211503,36.68899252496396,39.4356907498529,2.5
867,13.67,1,0.1,0.9,0.9931564037995891,-156656.48404067426,-0.0026846111397755006,0.0026258485629252707,34.98960211992171,38.62290249469551,2.5
868,13.68,1,0.1,0.9,0.9994442558545887,-156635.63689952937,-0.0024346476576585173,0.0021802660207950373,34.067624374136436,38.44608198677005,2.5
869,13.69,1,0.1,0.9,0.39081937075294837,-156803.02797601448,-0.0026135632478592225,0.002258092297576956,32.94924676555868,34.84702818905403,2.5
870,13.7,2,0.2,0.8,0.9971665609377847,-156656.5801940869,-0.0023780728516210195,0.002678670963163217,31.0520650461452,38.69936908749587,2.5
871,13.71,2,0.2,0.8,0.9944296538012763,-156593.3401774943,-0.002016809532267852,0.002757189980930888,25.51525298327416,40.37346610083942,2.5
872,13.72,3,0.30000000000000004,0.7,0.9676631437311979,-156621.51695775372,-0.002407504573748117,0.0024756974640414075,29.386930818562426,38.7758478926126,2.5
873,13.73,3,0.30000000000000004,0.7,0.9170747308738977,-156682.75190393376,-0.0025678783480581197,0.00215857720841492,30.648055500410507,35.77961169492141,2.5
874,13.74,3,0.30000000000000004,0.7,0.949385556578872,-156722.8879605267,-0.0024529669857299274,0.002245174446678994,31.559992043735875,33.82177977270856,2.5
875,13.75,4,0.4,0.6,0.7305855713454631,-156633.33578698785,-0.0022392710197251483,0.002713614234835627,28.99037671941151,34.2967565151664,2.5
876,13.76,3,0.30000000000000004,0.7,0.8974685269572877,-156634.15353362222,-0.0023417941600749476,0.002562488479566702,33.82981894274888,32.067620055939585,2.5
877,13.77,4,0.4,0.6,0.5157823084387859,-156623.8002559864,-0.0024797630767766027,0.0025089854298246854,32.194179001810454,34.19105968867497,2.5
878,13.78,3,0.30000000000000004,0.7,0.6209983482272375,-156763.0120822062,-0.002576254853948859,0.0022612848749749026,32.584094189892284,34.06060497947287,2.5
879,13.79,2,0.2,0.8,0.993466119955112,-156656.9928828788,-0.0023022571440107762,0.002597230143676062,27.710689987623628,38.86854228243293,2.5
880,13.8,2,0.2,0.8,0.9981925583699328,-156745.36894695123,-0.002037836815005702,0.002490584010244305,24.89012659927761,38.22806408554171,2.5
881,13.81,2,0.2,0.8,0.9412045706057593,-156635.8312043805,-0.002282457469327502,0.002433702551513069,29.153194616357723,38.80835682649252,2.5
882,13.82,1,0.1,0.9,0.9251930294851707,-156778.41675985765,-0.002717520932794067,0.002359488904800764,33.86746397350354,36.13631771716839,2.5
883,13.83,1,0.1,0.9,0.9386455071298968,-156780.7512508476,-0.002444025088759745,0.0024697200863029803,32.554977814520285,37.0660223952782,2.5
884,13.84,2,0.2,0.8,0.7575486535148529,-156695.95226920428,-0.0025121208679806566,0.0026752784188605132,35.74605763022056,38.885694076761126,2.5
885,13.85,1,0.1,0.9,0.8258584562421409,-156715.57913118074,-0.0025383677382762324,0.0026270237596582643,33.51655959103021,39.245518183112274,2.5
886,13.86,2,0.2,0.8,0.8282271284746324,-156729.49732441996,-0.0024355445434569236,0.0020675283775543375,33.230877191291945,33.198110315409906,2.5
887,13.87,3,0.30000000000000004,0.7,0.5114248667112219,-156751.32735330003,-0.0026468028179735406,0.002457499465649835,30.55136713071319,37.9561579818675,2.5
888,13.88,2,0.2,0.8,0.6571119580748683,-156642.25396940994,-0.0029187847284597498,0.0025528184603364284,33.14338999628236,35.75195004492604,2.5
889,13.89,2,0.2,0.8,0.2615315966646394,-156747.36143663948,-0.0023724892779323843,0.0025303100711355697,28.660668448633572,36.303938998804966,2.5
890,13.9,3,0.30000000000000004,0.7,0.8802678140601286,-156664.20372933976,-0.0023899368203708976,0.0026580948023342513,30.008629617136005,36.60343677361268,2.5
891,13.91,4,0.4,0.6,0.8575748327327419,-156655.9529900775,-0.0025672845593527303,0.002681313488268772,31.688500157489635,37.951615417889705,2.5
892,13.92,4,0.4,0.6,0.7979365969192542,-156658.29148645242,-0.0022679217517517242,0.002231036224593924,30.60974797637366,35.569746273705626,2.5
893,13.93,4,0.4,0.6,0.18974017619125916,-156738.04911601942,-0.0024229002343945463,0.002280320368045135,30.49564338996626,32.233010372792485,2.5
894,13.94,3,0.30000000000000004,0.7,0.9952239441891644,-156557.9025987359,-0.0022794441700961883,0.0025946894569080755,30.45623643160123,35.88774769849916,2.5
895,13.95,3,0.30000000000000004,0.7,0.8541115419242501,-156642.46175489327,-0.0021513069319255194,0.0023810492623265295,29.438411299312044,33.14517028525342,2.5
896,13.96,5,0.5,0.5,0.44310778506767506,-156672.10852896475,-0.0024453891759954136,0.0024438528312617346,30.43783873511676,37.40085574150099,2.5
897,13.97,5,0.5,0.5,0.8519411752996784,-156726.4705119391,-0.0025539233038866607,0.0023366740229658544,32.902588210598886,35.47544441589825,2.5
898,13.98,4,0.4,0.6,0.8912815888557537,-156704.365280298,-0.00194710613991979,0.0024162830731978085,24.353300231690493,35.097640268960824,2.5
899,13.99,3,0.30000000000000004,0.7,0.20911062191432828,-156590.2952830137,-0.002076564846507088,0.002672566346610235,26.834716388069044,35.131231830337,2.5
900,14.0,3,0.30000000000000004,0.7,0.2959712831296341,-156739.7169192661,-0.0025450481571892406,0.002636480658968761,32.00305221942248,35.37356466147961,2.5
901,14.01,4,0.4,0.6,0.6463248360976096,-156628.438354744,-0.0026982992370514188,0.0023859759059228756,34.667604999287335,34.026641518179176,2.5
902,14.02,5,0.5,0.5,0.9880202138764989,-156628.82567377135,-0.0024947107042525216,0.002586763946007949,32.284225495593525,38.27827793829009,2.5
903,14.03,4,0.4,0.6,0.26502022689180404,-156647.59167963496,-0.0023176824457880095,0.0023447793957331728,30.412629726115075,32.70364960719336,2.5
904,14.04,3,0.30000000000000004,0.7,0.202684417715668,-156636.10748405478,-0.0018356485637477191,0.0022132286366857274,24.48168023743271,32.72824935561905,2.5
905,14.05,2,0.2,0.8,0.9037375853947306,-156681.94301046824,-0.0023063112181191084,0.0023933390359118204,29.66793985318986,35.791176639955225,2.5
906,14.06,2,0.2,0.8,0.5808658287513699,-156681.31076635927,-0.002736385930631239,0.0024641405192922287,33.26803487257979,34.94410781557918,2.5
907,14.07,2,0.2,0.8,0.2746325357172358,-156785.71432508697,-0.0023138795923599294,0.0025459142542193893,31.59620245065836,39.963821380081306,2.5
908,14.08,1,0.1,0.9,0.9976306136015167,-156833.29638853334,-0.002333248017215984,0.002691873471426418,30.158962862511405,37.83870321963563,2.5
909,14.09,1,0.1,0.9,0.9976258548570707,-156716.4722611981,-0.0019719686731731172,0.002217954433984617,26.245298918717165,35.50839849477945,2.5
910,14.1,1,0.1,0.9,0.8627556309892292,-156853.1858800204,-0.0019639394907365266,0.0023337789272478418,23.956020590521295,36.198880279797066,2.5
911,14.11,0,0.0,1.0,0.738123852768336,-157062.73958902873,-0.002600126485335066,0.002595471635693781,32.12366649437239,38.851912048918244,2.5
912,14.12,0,0.0,1.0,0.9999999705554974,-156968.8859289391,-0.002558116038020116,0.0026316686836892205,32.64656532322088,37.947104904178474,2.5
913,14.13,0,0.0,1.0,0.9999970360208668,-156995.37355283106,-0.0023714779049203213,0.002591215122636489,30.779902937611517,36.04366727811802,2.5
914,14.14,0,0.0,1.0,0.9999848565379932,-157038.26172294957,-0.0024541141618877535,0.002482854898721187,32.18657805001618,34.54002794264088,2.5
915,14.15,0,0.0,1.0,0.9999966981954533,-156984.29278311986,-0.0024159654702901787,0.002274389548086583,30.393285814691225,33.90132355197781,2.5
916,14.16,0,0.0,1.0,0.9997515592011843,-157040.13798626495,-0.0025554126208942444,0.0022803947268937095,32.09269905783987,36.72187044854168,2.5
917,14.17,0,0.0,1.0,0.9106273566422997,-157037.3453513203,-0.002840470183097629,0.0025918054818989318,37.7759971466127,38.75827395698098,2.5
918,14.18,0,0.0,1.0,0.9723993357834748,-156960.77023380363,-0.002452443640878927,0.002551185902522882,36.438871632418156,35.97026885257544,2.5
919,14.19,0,0.0,1.0,0.10215374623996538,-157090.6218557253,-0.0022318025126091784,0.0024458336626964044,32.15884135832172,34.30355462593815,2.5
920,14.2,0,0.0,1.0,0.6329758495859505,-157027.60421074778,-0.0025800216800253564,0.002413884308746652,34.511501635034435,35.85135500845909,2.5
921,14.21,1,0.1,0.9,0.9999984704496568,-156759.9708565633,-0.0025883265469070793,0.0022633471647180107,34.91649792784039,36.52399439057913,2.5
922,14.22,1,0.1,0.9,0.9996768439961261,-156745.8865070906,-0.0024545592842382677,0.002359853749639478,33.3251732782785,37.9504307697851,2.5
923,14.23,1,0.1,0.9,0.9992813763931482,-156822.8704853241,-0.002393318534627287,0.0027806776361409165,30.704738395752774,44.00772876845278,2.5
924,14.24,1,0.1,0.9,0.9422684545023254,-156742.79410115394,-0.002755492111746254,0.002652144382755798,34.13555371266019,38.850167285784416,2.5
925,14.25,1,0.1,0.9,0.6400943067114301,-156779.96205814386,-0.0025047669414466197,0.002365712531199079,30.25788739931833,37.063892212217006,2.5
926,14.26,2,0.2,0.8,0.3587646419816179,-156804.2720841191,-0.002677558652419053,0.002182919450309079,35.216303997589385,32.86421517189093,2.5
927,14.27,2,0.2,0.8,0.9111458769524046,-156652.9894015171,-0.0024639066851735664,0.002644374303902854,32.61592689693331,39.32846011401773,2.5
928,14.28,2,0.2,0.8,0.20166082219478224,-156756.59216998477,-0.0024038719779609073,0.002579319064035636,33.43328421523449,37.36999064054834,2.5
929,14.29,3,0.30000000000000004,0.7,0.3225757795496866,-156533.37556171475,-0.002475417249850909,0.0024816718633408766,33.833155246617935,37.49981720489424,2.5
930,14.3,3,0.30000000000000004,0.7,0.8499148636851704,-156594.81873283393,-0.002572067693453497,0.002387864527219623,34.375975869514754,36.06988475989646,2.5
931,14.31,4,0.4,0.6,0.7757510326366219,-156633.348993968,-0.002491765756945986,0.00258315696256663,32.527767779101396,34.403570603760755,2.5
932,14.32,5,0.5,0.5,0.9768372942305141,-156594.88984376812,-0.0021005339392653312,0.0022217285734316187,29.226063053329415,31.34222621183497,2.5
933,14.33,5,0.5,0.5,0.8423434686537653,-156619.66079438562,-0.0022025596428265205,0.0025042327828312854,29.226587390202216,34.48520671039917,2.5
934,14.34,6,0.6000000000000001,0.3999999999999999,0.9898172257535819,-156729.95453923757,-0.0023759030537913004,0.0026095998199106027,29.475451816439616,37.52711979157233,2.5
935,14.35,6,0.6000000000000001,0.3999999999999999,0.6508570372842981,-156664.19892547643,-0.0024274578019612926,0.0023967585737114582,29.903478148372198,37.329372270007696,2.5
936,14.36,6,0.6000000000000001,0.3999999999999999,0.3283798781845794,-156639.9563366816,-0.002572871934558433,0.00246405279820841,28.616478914706676,32.51606320166801,2.5
937,14.37,5,0.5,0.5,0.9587003359855593,-156656.85796981424,-0.0019529535713708134,0.0022179894815862492,26.993309754800457,29.01625867014345,2.5
938,14.38,5,0.5,0.5,0.723972458405257,-156618.29637450137,-0.0022134425053142565,0.0027247054236460783,30.334007553882834,33.77994874225469,2.5
939,14.39,4,0.4,0.6,0.6371136973962008,-156675.07470543525,-0.002715225355133284,0.0025608288278321963,32.47870817553012,35.74349779434335,2.5
940,14.4,4,0.4,0.6,0.23268054493165335,-156562.9781574702,-0.002720946812653505,0.002002988963528331,33.01171606389226,32.11262180887506,2.5
941,14.41,6,0.6000000000000001,0.3999999999999999,0.845504875388799,-156702.48771070153,-0.002328010633617681,0.0022866498995051986,26.95328601966491,34.13965279305049,2.5
942,14.42,6,0.6000000000000001,0.3999999999999999,0.19476833561144247,-156713.85368333166,-0.002174602181923378,0.002757623225776275,26.897686322016742,37.10388732293918,2.5
943,14.43,7,0.7000000000000001,0.29999999999999993,0.9948041922380703,-156759.47605474477,-0.0020948766162623136,0.002434127861423964,28.53611075427383,34.02887802196058,2.5
944,14.44,7,0.7000000000000001,0.29999999999999993,0.9943560161061076,-156725.467128565,-0.0025360932507270295,0.002459829380787238,32.157961963672854,32.085341330073746,2.5
945,14.45,7,0.7000000000000001,0.29999999999999993,0.8857912680131996,-156762.12801022595,-0.002454988775992578,0.0024145678422079135,30.6985606000073,31.818785302884436,2.5
946,14.46,7,0.7000000000000001,0.29999999999999993,0.5574594091193094,-156807.34445959172,-0.0020970611163039676,0.0023090428387284824,26.282341609429004,30.51561001919813,2.5
947,14.47,8,0.8,0.19999999999999996,0.9544399992540483,-156694.02104530038,-0.00259666396344597,0.00246244055124289,32.16201640523169,31.417724532556573,2.5
948,14.48,8,0.8,0.19999999999999996,0.26507301545690226,-156938.574204542,-0.0024062214804174303,0.002468767780482133,32.18963030754053,33.78678588181896,2.5
949,14.49,8,0.8,0.19999999999999996,0.4323335444477219,-156770.6058688926,-0.0022593546944784516,0.0023903606133250576,29.294021281262562,31.759355753448858,2.5
950,14.5,7,0.7000000000000001,0.29999999999999993,0.4053096042604017,-156708.5022438725,-0.002363667304738826,0.0023026682805362703,30.81247792419924,31.1928240785234,2.5
951,14.51,6,0.6000000000000001,0.3999999999999999,0.9523985762280759,-156659.5718513796,-0.002325391476151158,0.002556937978558357,28.745448429101224,34.279347136624466,2.5
952,14.52,5,0.5,0.5,0.9424662375094893,-156683.00733361425,-0.0024398345493713567,0.0025085683751813028,29.39616738080207,35.481070126620615,2.5
953,14.53,5,0.5,0.5,0.8406176049447991,-156667.11020295884,-0.002576865624891952,0.0023366255042378305,33.09775331991256,34.16314990786031,2.5
954,14.54,6,0.6000000000000001,0.3999999999999999,0.7484174146530225,-156716.03983084665,-0.0022846528739543285,0.0025661629061299335,29.22705940101938,36.42214131496346,2.5
955,14.55,6,0.6000000000000001,0.3999999999999999,0.5133264180556778,-156704.22457477235,-0.0022885134983979634,0.0024309246318852105,30.092039427682586,32.2680874525509,2.5
956,14.56,7,0.7000000000000001,0.29999999999999993,0.5048663094893111,-156692.69863884887,-0.002224029892731271,0.0025363006379468932,28.005280975742174,33.98412791848141,2.5
957,14.57,7,0.7000000000000001,0.29999999999999993,0.6625145321350389,-156814.02344358337,-0.0024808589033512977,0.00223416259610432,29.71804784616307,30.706184421602217,2.5
958,14.58,7,0.7000000000000001,0.29999999999999993,0.1487572716296457,-156801.54309658648,-0.0025211028018595634,0.0023939422322911386,32.14509418291288,33.17927615248992,2.5
959,14.59,5,0.5,0.5,0.7861376378085814,-156590.14637459375,-0.002311011790898519,0.0026263777472308064,29.950141948265088,33.360369637776266,2.5
960,14.6,6,0.6000000000000001,0.3999999999999999,0.7777455188876126,-156776.42972377138,-0.0023288064209614078,0.002505754023062204,31.629324001683056,33.693569185488045,2.5
961,14.61,5,0.5,0.5,0.24959502759075472,-156679.9504686318,-0.0024060868489687347,0.0022674553014137683,29.52237721469311,30.23035721238901,2.5
962,14.62,4,0.4,0.6,0.9836912736322607,-156660.63601577104,-0.002450285867599767,0.002400631742435479,29.458769217928534,33.636414466402805,2.5
963,14.63,3,0.30000000000000004,0.7,0.7069076809708364,-156644.2331095289,-0.002548720063469918,0.002693601325173857,30.58315588522864,36.58060133918663,2.5
964,14.64,4,0.4,0.6,0.9476016552284819,-156756.65679995602,-0.002281087753583897,0.0024126631785942607,31.498992588148027,35.84243316636136,2.5
965,14.65,4,0.4,0.6,0.6721703452080646,-156640.53445924897,-0.0022286833253847577,0.0024119091206203985,29.098973183856838,35.47172868392053,2.5
966,14.66,3,0.30000000000000004,0.7,0.173824331373454,-156660.80467953725,-0.0025383749416450314,0.002323141917761112,31.40943762458124,33.76055379840279,2.5
967,14.67,4,0.4,0.6,0.40090171393903967,-156630.35697582542,-0.0023115617854509735,0.002396058534816287,27.406593600873908,34.602715626717874,2.5
968,14.68,5,0.5,0.5,0.8977670266249681,-156735.097099305,-0.0022029040506062357,0.0024824483157568408,28.449247721930686,35.68420538606722,2.5
969,14.69,5,0.5,0.5,0.21052713628835337,-156721.2551720584,-0.0024689874473949264,0.0027744671075299347,30.285607167860753,39.471326816133114,2.5
970,14.7,6,0.6000000000000001,0.3999999999999999,0.904732414369526,-156765.35472455353,-0.0024150402673672995,0.0022984592543765017,30.29398527471812,31.45249881930527,2.5
971,14.71,6,0.6000000000000001,0.3999999999999999,0.8175431003830351,-156768.12301888832,-0.0020943859338804884,0.0021616190530389886,27.88239072571817,31.154299150756323,2.5
972,14.72,8,0.8,0.19999999999999996,0.6414328773474333,-156830.49248899968,-0.002572367791150039,0.002644467457073796,31.375364692134955,34.07086247381842,2.5
973,14.73,8,0.8,0.19999999999999996,0.8922063598785489,-156850.97733244664,-0.002329868072894284,0.002370197909853654,31.05716999071923,33.02068317095744,2.5
974,14.74,8,0.8,0.19999999999999996,0.3894796218540608,-156798.31911006896,-0.00223059944284118,0.002419763570674291,27.696622137626818,32.613037078061446,2.5
975,14.75,9,0.9,0.09999999999999998,0.9725954555107524,-156934.35717069716,-0.002691914436737111,0.0025205417079364116,32.58750044733215,31.877475214588067,2.5
976,14.76,7,0.7000000000000001,0.29999999999999993,0.244535062940098,-156707.11884417737,-0.0023016682861539952,0.002388922650007231,30.085425598242324,30.366131225224066,2.5
977,14.77,7,0.7000000000000001,0.29999999999999993,0.5923142753321164,-156771.13964109006,-0.0023859162808428968,0.0024782044226252208,34.226212365111905,30.313636386259052,2.5
978,14.78,9,0.9,0.09999999999999998,0.8653785382480632,-156914.54579531422,-0.0025087911269271535,0.002563618421359399,31.776143057390982,33.43778498803754,2.5
979,14.79,8,0.8,0.19999999999999996,0.8090193806329928,-156974.87552742683,-0.0024374621681351864,0.0024127476704998586,29.292984886390396,33.233199474474446,2.5
980,14.8,6,0.6000000000000001,0.3999999999999999,0.8380249110901447,-156742.42697958206,-0.002256393507908254,0.002407432426209618,26.241192372247188,32.99874568150738,2.5
981,14.81,5,0.5,0.5,0.8733655530293142,-156726.30049109677,-0.002209864858866263,0.0023305906323954316,29.08828963603461,34.27272769951878,2.5
982,14.82,6,0.6000000000000001,0.3999999999999999,0.16307186478277735,-156649.94460839644,-0.0023290803420285824,0.0025223645408036094,30.03066821890434,36.033425768563525,2.5
983,14.83,5,0.5,0.5,0.5358352249318469,-156734.3404916626,-0.002428735828213246,0.002438054684590849,33.92120004995383,37.22908752755035,2.5
984,14.84,5,0.5,0.5,0.018655810313046434,-156677.57979048777,-0.0024209212141959847,0.002571291763079026,29.588630811456362,34.87448371723192,2.5
985,14.85,4,0.4,0.6,0.868100908784937,-156735.14400577056,-0.002241709078637544,0.002270538625616012,27.645970461630466,32.01606527612925,2.5
986,14.86,4,0.4,0.6,0.5205270328171482,-156737.349156113,-0.002396200348117646,0.0024732241001105093,28.490716640644962,32.54761866361024,2.5
987,14.87,3,0.30000000000000004,0.7,0.47904818957973105,-156653.29471780805,-0.0025236684281378144,0.002554382213971749,31.194102350879263,35.21830858915795,2.5
988,14.88,3,0.30000000000000004,0.7,0.9223530163821558,-156702.03351389844,-0.002561098729819431,0.002478764948136215,33.53506443207287,35.50351225689429,2.5
989,14.89,4,0.4,0.6,0.36483729611190935,-156618.48704325996,-0.002494954617664111,0.002545700303732765,31.53215467260152,36.27956832340663,2.5
990,14.9,6,0.6000000000000001,0.3999999999999999,0.3743870426928469,-156706.32070537822,-0.002338786311538618,0.0024065919048441124,29.327247742165234,34.72981442570585,2.5
991,14.91,7,0.7000000000000001,0.29999999999999993,0.8502979904003546,-156772.20670456172,-0.0021487495309103826,0.0023592097488705083,26.087273488515642,34.317907381337484,2.5
992,14.92,6,0.6000000000000001,0.3999999999999999,0.28082172682930734,-156804.16421504036,-0.0021217149049633146,0.002417585777593555,26.46265059378413,34.73367717771982,2.5
993,14.93,7,0.7000000000000001,0.29999999999999993,0.598517370822401,-156758.24600076376,-0.0023905486441880563,0.0024363371627668263,30.445657847013738,35.42056549205781,2.5
994,14.94,8,0.8,0.19999999999999996,0.7653771821566738,-156917.76165885344,-0.0025961027058273318,0.0024736558145867487,34.03172605367239,33.743978014883,2.5
995,14.95,9,0.9,0.09999999999999998,0.961044053094867,-156881.42434934073,-0.002279263352851534,0.002482204299017219,30.007667476600083,31.815032363489486,2.5
996,14.96,9,0.9,0.09999999999999998,0.9524214421182735,-156967.1962067872,-0.002334583168663553,0.0025962602251362096,27.539099873209867,31.824565192191,2.5
997,14.97,9,0.9,0.09999999999999998,0.8744200346406656,-156920.4130991486,-0.002423323273412305,0.0022607184528851978,30.281578632193956,26.514668784980195,2.5
998,14.98,9,0.9,0.09999999999999998,0.8495001840678733,-157014.87269419347,-0.0023043070199984745,0.0020869418374227745,33.802064269052366,27.348146851205918,2.5
999,14.99,8,0.8,0.19999999999999996,0.5308873010440485,-156830.01600760617,-0.0026400378678322236,0.002617528228507534,34.18954831431094,31.1225639529045,2.5
1000,15.0,10,1.0,0.0,0.46869807324585855,-157213.18916036794,-0.0023917713161581773,0.0026584529503010093,30.575687914134715,35.60318296366331,1.25
1001,15.01,10,1.0,0.0,0.9999152321276256,-157266.465534046,-0.0023740999763160594,0.0022333063989515055,28.28136865662294,29.147057997335384,1.25
1002,15.02,10,1.0,0.0,0.9999996625577774,-157143.5902591475,-0.0021701378346538173,0.0023225247891092145,26.88142171801759,29.557174678158425,1.25
1003,15.03,10,1.0,0.0,0.9891114549871596,-157216.4208037016,-0.0019569380149929553,0.002401220848055579,26.19679300192828,31.46695246956762,1.25
1004,15.04,8,0.8,0.19999999999999996,0.12947416556448085,-156942.245087011,-0.0023736690259740243,0.0024851344142091136,29.3042861411047,33.22270834869811,1.25
1005,15.05,8,0.8,0.19999999999999996,0.3441264692666564,-156781.4751331486,-0.002703978158471019,0.002375989287928897,34.66620464368703,33.21914798486196,1.25
1006,15.06,7,0.7000000000000001,0.29999999999999993,0.6122551931076523,-156784.81152092296,-0.0024787899863889045,0.0022838153471423477,32.25699687004368,31.01517512380528,1.25
1007,15.07,7,0.7000000000000001,0.29999999999999993,0.6540677082153632,-156865.67072930874,-0.002289434045528981,0.0024922204726018967,28.58107495137578,28.46391442842956,1.25
1008,15.08,8,0.8,0.19999999999999996,0.18765054776980608,-156796.96853876775,-0.0018792629313159814,0.002533444410437339,24.47211090438589,30.100572398077645,1.25
1009,15.09,7,0.7000000000000001,0.29999999999999993,0.8015276868808217,-156809.89330184384,-0.0024051470948658086,0.0024466420661328927,31.03398978841637,34.888298215863266,1.25
1010,15.1,5,0.5,0.5,0.7563949951187472,-156703.36482406792,-0.003036737098648555,0.0025319827519334837,36.20506854306841,34.92299202662251,1.25
1011,15.11,3,0.30000000000000004,0.7,0.2454187888153814,-156595.66964300125,-0.0022496511161453872,0.0024843501378218795,30.212751399548193,37.895835369451035,1.25
1012,15.12,5,0.5,0.5,0.3276964345238978,-156682.20881793735,-0.0023189335333607276,0.002315319444266002,28.16647362567757,31.574999562987724,1.25
1013,15.13,6,0.6000000000000001,0.3999999999999999,0.10118474254507258,-156729.57648470995,-0.0023291687091389003,0.002372118250622933,28.411019719981486,32.352539360332116,1.25
1014,15.14,5,0.5,0.5,0.4582627341575913,-156733.61142346478,-0.00212241016430465,0.002351405744187865,27.495501084927362,32.48260511379109,1.25
1015,15.15,4,0.4,0.6,0.21209137838421552,-156704.4635443304,-0.002550801512146127,0.002590861686782248,33.11268130932436,37.01504179845357,1.25
1016,15.16,2,0.2,0.8,0.4026800568219818,-156649.3528568213,-0.0025055855963829025,0.0025843448070894458,31.72063940199517,38.28202152748212,1.25
1017,15.17,2,0.2,0.8,0.6806530934946385,-156695.96744375577,-0.002133024754787736,0.0025539593849034556,25.725840577058108,39.02052507083695,1.25
1018,15.18,2,0.2,0.8,0.7398095552222821,-156852.30908360737,-0.0022561319717486275,0.0022297082784773973,26.643074117030224,31.48057703618299,1.25
1019,15.19,3,0.30000000000000004,0.7,0.8525019724227331,-156743.61854956616,-0.0023057016821082803,0.002150345583755873,29.189357503749957,34.204550977570506,1.25
1020,15.2,3,0.30000000000000004,0.7,0.8502079989824359,-156697.86214763962,-0.0026201398850063903,0.0025494941789822195,32.411085353323024,38.00079422350194,1.25
1021,15.21,2,0.2,0.8,0.681467060578188,-156711.34059842787,-0.0024916133725808704,0.0027736402669165713,33.16725914838291,38.480973730611744,1.25
1022,15.22,3,0.30000000000000004,0.7,0.7713706383383157,-156636.92269254997,-0.002295528619057044,0.0025960910456213973,29.92209841864422,34.89404354382598,1.25
1023,15.23,3,0.30000000000000004,0.7,0.559804389683738,-156666.2153371012,-0.00224621834839099,0.002067823241412053,29.049098697236836,29.369889330256374,1.25
1024,15.24,2,0.2,0.8,0.9538763905281831,-156755.7505946134,-0.0022950548405029324,0.0023545953625606214,28.05647697146094,36.0173656362491,1.25
1025,15.25,2,0.2,0.8,0.9541337175285147,-156696.96271219518,-0.00258982962032428,0.0027455757589353695,30.449591504395013,39.77237391434656,1.25
1026,15.26,4,0.4,0.6,0.11502111135769014,-156591.49353383537,-0.002398710124756194,0.002435689159448172,29.95652430728378,38.78626100719954,1.25
1027,15.27,3,0.30000000000000004,0.7,0.5513502027748094,-156752.66208368455,-0.0023457628123371805,0.0023859849739206137,28.992934262326642,34.04037759523907,1.25
1028,15.28,4,0.4,0.6,0.52558348875545,-156738.8913070908,-0.0020823159385521374,0.00248994125430231,26.45999708058132,34.379431653890016,1.25
1029,15.29,4,0.4,0.6,0.3306092720094795,-156616.79205546976,-0.0021961627798631317,0.002227972188486968,29.716714517234212,32.2018869671931,1.25
1030,15.3,6,0.6000000000000001,0.3999999999999999,0.33864715119612804,-156786.80505920807,-0.0026483516007777884,0.0024383494978534688,33.328071915145536,35.03679630598294,1.25
1031,15.31,5,0.5,0.5,0.3823071080948992,-156695.50617780155,-0.002580528515861323,0.0025182518661428545,32.52812464650736,36.283920246318615,1.25
1032,15.32,5,0.5,0.5,0.6815507306837446,-156661.67317422462,-0.0022466740434410755,0.0025284937926058865,27.411038246046257,32.80702888276857,1.25
1033,15.33,6,0.6000000000000001,0.3999999999999999,0.13417890484689385,-156681.5457203497,-0.0021514956719613843,0.0024525278555055036,26.555456885235884,32.29452333751399,1.25
1034,15.34,6,0.6000000000000001,0.3999999999999999,0.3005270162940924,-156743.14848430245,-0.0024097390244464203,0.002369150630181624,30.5735064980044,32.82375362846221,1.25
1035,15.35,5,0.5,0.5,0.2894430582947476,-156704.2639088073,-0.002472829575718521,0.002571031158410171,31.00060926392072,35.87031338470378,1.25
1036,15.36,7,0.7000000000000001,0.29999999999999993,0.25280172926175026,-156811.7329329709,-0.0025714961704582234,0.0025112715608787686,33.908761856933836,36.394844902395214,1.25
1037,15.37,8,0.8,0.19999999999999996,0.5782007899966252,-156851.04280558223,-0.002335108995256756,0.002285598542275899,28.88762689208936,32.74700521255642,1.25
1038,15.38,7,0.7000000000000001,0.29999999999999993,0.846577234435236,-156761.2950437806,-0.0021165181256948364,0.0022072549705737105,27.959728917545732,29.909146705468217,1.25
1039,15.39,6,0.6000000000000001,0.3999999999999999,0.40794663974093354,-156696.31306492462,-0.0023541030694234607,0.002415462777502857,30.22722635264807,30.195560975755587,1.25
1040,15.4,7,0.7000000000000001,0.29999999999999993,0.5696942302800745,-156861.6288365151,-0.002389591590338221,0.002679476696294021,30.505585249055486,36.048465998000545,1.25
1041,15.41,5,0.5,0.5,0.4898244884183789,-156659.74987330896,-0.00241370698195222,0.0024808536729745362,29.777031258055914,34.6617997124825,1.25
1042,15.42,7,0.7000000000000001,0.29999999999999993,0.32078412630111264,-156823.06611979986,-0.0024193330685296707,0.002271650598362239,30.26947429178933,32.78505196452155,1.25
1043,15.43,6,0.6000000000000001,0.3999999999999999,0.08400623788177826,-156758.6000311129,-0.0024006528001023924,0.0024774938378684243,29.7682189157255,32.81302603485086,1.25
1044,15.44,8,0.8,0.19999999999999996,0.7609426761862269,-156828.3580563784,-0.002260611662363366,0.0026275329152732757,29.004844957841996,32.42387046351861,1.25
1045,15.45,9,0.9,0.09999999999999998,0.9716014995327547,-156881.5527939503,-0.0023423680578615875,0.0022589746077646,31.198876665551552,30.223607574614373,1.25
1046,15.46,9,0.9,0.09999999999999998,0.9466556919706572,-156969.6346705779,-0.002513715739618539,0.0024242066920506355,31.377253326941503,34.991026395679654,1.25
1047,15.47,10,1.0,0.0,0.9115230088168151,-157117.3477104685,-0.0024170622781357733,0.002566571192358669,29.923675948850896,35.69775897403797,1.25
1048,15.48,10,1.0,0.0,0.9768116426738948,-157177.11109861033,-0.002239580013712352,0.0023335685291206213,29.413309867389977,31.844145038359684,1.25
1049,15.49,9,0.9,0.09999999999999998,0.12437929206921809,-157044.89730702576,-0.0022695748277683924,0.0026748003169976505,30.98723826066551,34.618836243414016,1.25
1050,15.5,10,1.0,0.0,0.9788818676281866,-157172.7252558234,-0.0023082212234177505,0.002766768053860122,28.720006655402056,33.40667550841122,1.25
1051,15.51,10,1.0,0.0,0.9988480871135467,-157275.64776872456,-0.0022940737267584227,0.002357408809936465,29.887557079369174,32.684036666490556,1.25
1052,15.52,10,1.0,0.0,0.9999300902218299,-157243.6782104182,-0.0025742267908189613,0.002354704184052799,32.87134744129122,30.786510232967675,1.25
1053,15.53,10,1.0,0.0,0.9998199513469427,-157115.4705486502,-0.002277128699009865,0.0025389825467717784,30.49495499425813,35.03487604378813,1.25
1054,15.54,10,1.0,0.0,0.9999595176397721,-157164.26024921672,-0.0021644129396587186,0.002440094892276513,28.0602839909221,31.665118822724715,1.25
1055,15.55,10,1.0,0.0,0.999868837542832,-157171.947262629,-0.0024462356468428225,0.0025295926044186204,31.43939357477605,32.442141175327244,1.25
1056,15.56,10,1.0,0.0,0.8263892673270679,-157312.26226864906,-0.002479200213179972,0.0022816294999270445,31.898047445265842,29.726981476858533,1.25
1057,15.57,9,0.9,0.09999999999999998,0.9960480813933072,-156970.49553770808,-0.002429724282857359,0.0027495028556765227,31.231011856689726,34.48688529705504,1.25
1058,15.58,9,0.9,0.09999999999999998,0.9364261917389867,-157045.71273790955,-0.002426385281812264,0.0028415641159063284,32.14850199907564,35.462112149670546,1.25
1059,15.59,9,0.9,0.09999999999999998,0.9659407808029464,-157040.21105831972,-0.0022223560612236086,0.0023344553027543663,30.180399009956833,34.134359950431175,1.25
1060,15.6,9,0.9,0.09999999999999998,0.7733190134038959,-156997.1797487227,-0.0024230978865737132,0.002243464658319753,29.8349351583853,33.70256263842885,1.25
1061,15.61,9,0.9,0.09999999999999998,0.40424534095416154,-157000.14190686928,-0.002294343302085742,0.002334718214656901,28.766159566691062,35.91224593483548,1.25
1062,15.62,8,0.8,0.19999999999999996,0.9467782736293625,-156906.85972193937,-0.0023296082162578653,0.0027219530482437975,29.382348099751326,37.50303684518694,1.25
1063,15.63,8,0.8,0.19999999999999996,0.9798525270605061,-156836.88854297416,-0.0024468113221254653,0.0026247939319442694,32.10146980567134,34.36593523151283,1.25
1064,15.64,8,0.8,0.19999999999999996,0.9129655232333822,-156881.32909286593,-0.002384032122914292,0.0022585212371729604,31.290947110921863,30.070789341016933,1.25
1065,15.65,7,0.7000000000000001,0.29999999999999993,0.8707723409853538,-156820.39125235382,-0.0024559708500382902,0.0024174887558139875,30.569227311375208,29.85561601957424,1.25
1066,15.66,8,0.8,0.19999999999999996,0.034079987114231616,-156833.7858219798,-0.002166412919077543,0.002582686068488822,28.70631683787805,32.535864370784736,1.25
1067,15.67,7,0.7000000000000001,0.29999999999999993,0.64413393726154,-156786.17550346325,-0.002418599499180421,0.002543688738564937,31.28197795409002,33.25058987273556,1.25
1068,15.68,7,0.7000000000000001,0.29999999999999993,0.34456096698384386,-156809.2132166148,-0.0026688414097822506,0.0023657999567888704,32.0350333573241,28.756360429445618,1.25
1069,15.69,8,0.8,0.19999999999999996,0.7857259658144575,-156879.08379700166,-0.002147638796470708,0.002195783698436949,29.229132842558997,29.05842973580994,1.25
1070,15.7,8,0.8,0.19999999999999996,0.6358579794091241,-156874.99485915268,-0.0022321114636290186,0.002337157888378688,28.12973432967276,28.283947798228297,1.25
1071,15.71,8,0.8,0.19999999999999996,0.317945735157236,-156809.82099865325,-0.0021919665326884503,0.002543016599965483,29.475034380785154,33.132571651954066,1.25
1072,15.72,9,0.9,0.09999999999999998,0.9509567018324954,-157039.70282111966,-0.002298322530104632,0.0024132299263877766,30.234692761177005,33.533969766866484,1.25
1073,15.73,9,0.9,0.09999999999999998,0.9788948506641363,-157020.67048205444,-0.002680478415720257,0.0024064699643463294,33.33185240582144,33.848631207530886,1.25
1074,15.74,9,0.9,0.09999999999999998,0.8706579797565533,-157001.77586965237,-0.0024247968680930782,0.002566895352442433,30.477232252012033,33.12073008160882,1.25
1075,15.75,9,0.9,0.09999999999999998,0.9551847957225391,-156923.82257592207,-0.0022342072894870942,0.002696614585653717,29.005334800648935,31.411309509841132,1.25
1076,15.76,10,1.0,0.0,0.8684545960761011,-157162.66065520138,-0.0023337116024109306,0.002366808129328958,32.31321909297704,29.6391437096624,1.25
1077,15.77,10,1.0,0.0,0.99975232509538,-157222.99562917338,-0.00237154324807065,0.00241080174259436,31.20804837361781,32.48113902664937,1.25
1078,15.78,10,1.0,0.0,0.9996448542739481,-157266.7744676214,-0.0024511490811257924,0.0027136431707186557,30.978076984893057,38.924790440413915,1.25
1079,15.79,10,1.0,0.0,0.9999999039245103,-157194.18118157575,-0.002525054296130111,0.0026540919781542585,31.948940351621424,36.40239957106794,1.25
1080,15.8,10,1.0,0.0,0.9998225469409341,-157262.10862926597,-0.0023196158368254207,0.002574045162011983,29.44487739026545,34.083110215739495,1.25
1081,15.81,9,0.9,0.09999999999999998,0.33865575305379864,-157036.40163332826,-0.0023644607455146818,0.00265266727439603,30.211020779629127,33.236008688313156,1.25
1082,15.82,10,1.0,0.0,0.8249622440969148,-157254.17168944408,-0.0024948350654461467,0.002563770558902103,33.10920760256939,35.09235125016618,1.25
1083,15.83,9,0.9,0.09999999999999998,0.8165242778140203,-156994.3160588839,-0.002385462354567545,0.0025910540406198826,30.553816563310896,38.10011307717099,1.25
1084,15.84,10,1.0,0.0,0.9805799173534089,-157351.73243006936,-0.0026667506179841732,0.002667920686443558,36.16960087189491,39.94831498990344,1.25
1085,15.85,10,1.0,0.0,0.894828763300015,-157176.40267794905,-0.00226738307443675,0.002638025328547201,30.14165163175134,41.36491306077078,1.25
1086,15.86,10,1.0,0.0,0.9895230979583562,-157278.39780901014,-0.0023384819821268645,0.002707677986850512,29.65719528708224,37.97987195803742,1.25
1087,15.87,10,1.0,0.0,0.9875358660214122,-157149.12622916658,-0.0022923639870664645,0.0024029191859684623,29.882772061271574,35.61373637294429,1.25
1088,15.88,9,0.9,0.09999999999999998,0.7130731268936983,-157032.59988712738,-0.0025024719645187527,0.0024728027205438386,31.356136414704203,33.92077868002524,1.25
1089,15.89,9,0.9,0.09999999999999998,0.9780165355029262,-156999.51710174175,-0.0025498137606356787,0.002965672702921368,32.344051215274824,38.461312716769015,1.25
1090,15.9,9,0.9,0.09999999999999998,0.8665047207275227,-156968.2751251539,-0.002277816087982293,0.002693904882383443,31.716089235682478,36.67160371493944,1.25
1091,15.91,10,1.0,0.0,0.5467714202791696,-157204.58971054936,-0.0025452237003862834,0.002359177093657551,32.53251791276724,33.289314475577264,1.25
1092,15.92,10,1.0,0.0,0.9940392698718561,-157117.69677160637,-0.002481224054330368,0.002247284689061235,30.79004407926396,31.03576099013006,1.25
1093,15.93,10,1.0,0.0,0.8942081393561745,-157215.1295844776,-0.002111476041845161,0.0026309857947824995,27.22346361218511,32.59662966738308,1.25
1094,15.94,8,0.8,0.19999999999999996,0.8816535940658755,-156847.19169679776,-0.002399752692800963,0.0028861920566143743,32.27152875332938,33.88588650765019,1.25
1095,15.95,8,0.8,0.19999999999999996,0.5307992352616311,-156912.25147297006,-0.002625374544489522,0.0024188529005919855,35.09620699255174,30.032626130699217,1.25
1096,15.96,7,0.7000000000000001,0.29999999999999993,0.47149583027706743,-156789.675708929,-0.0023979105321527477,0.002139844475217234,30.56770471117573,30.158721084431544,1.25
1097,15.97,6,0.6000000000000001,0.3999999999999999,0.8363660893519728,-156702.6758739016,-0.002413645460454578,0.002628777843052584,28.101259580308017,34.16347438740836,1.25
1098,15.98,4,0.4,0.6,0.8194999919411716,-156736.97206745733,-0.0021830012206449003,0.0026980174779694696,29.21020539449463,39.75825590280868,1.25
1099,15.99,3,0.30000000000000004,0.7,0.740230640968884,-156716.81183782368,-0.0023610147356436604,0.0024212518937695784,31.248756983587413,34.249781652132405,1.25
1100,16.0,2,0.2,0.8,0.9770485569521256,-156701.8912267397,-0.0023344107161877023,0.002640121575488363,29.933039400217694,39.56256474269167,1.25
1101,16.01,2,0.2,0.8,0.8664637382593658,-156763.8683812481,-0.0024724185917701486,0.0025134961068693663,29.50948109401971,37.01407442384678,1.25
1102,16.02,3,0.30000000000000004,0.7,0.22077626263311934,-156723.22195882435,-0.0022187191396600223,0.0022311381979960116,27.41950835565279,36.2673576742315,1.25
1103,16.03,3,0.30000000000000004,0.7,0.3069864510083618,-156534.46351634717,-0.002389320062048916,0.002028509981492057,30.360766528184012,32.692905721158155,1.25
1104,16.04,4,0.4,0.6,0.7217032562993099,-156739.00007678525,-0.0025401343028724965,0.002541784008038979,31.376433859956414,36.4534180706261,1.25
1105,16.05,5,0.5,0.5,0.525879599703732,-156751.44821083327,-0.0022580122417513505,0.002493535001620354,30.70985655482725,34.79569053398175,1.25
1106,16.06,4,0.4,0.6,0.6744869471751213,-156751.99870276573,-0.002376352455840397,0.0027979515903908984,29.557068070582204,36.8536570639397,1.25
1107,16.07,4,0.4,0.6,0.45536308359947797,-156714.89526446676,-0.0025182728460044195,0.0026128796054754656,29.061336820684122,35.61760056077895,1.25
1108,16.08,3,0.30000000000000004,0.7,0.14950932691799584,-156731.8111153378,-0.0023782445610890544,0.002010821196882311,30.163159557613234,29.46512425682579,1.25
1109,16.09,2,0.2,0.8,0.4633634562213364,-156740.19791700688,-0.0024807644373861675,0.0024548077446472734,30.52700105957337,34.30238772963448,1.25
1110,16.1,1,0.1,0.9,0.16156773821423057,-156794.03223018532,-0.002459864965860052,0.0026288139205964413,31.782195103874077,37.22155310449299,1.25
1111,16.11,1,0.1,0.9,0.9113089096258508,-156706.0826597704,-0.0023749277013005894,0.0023547405726651364,32.6469353791585,37.364995689951975,1.25
1112,16.12,1,0.1,0.9,0.9294672470446427,-156847.8153199869,-0.002284785066368962,0.002511247736680328,29.420578368079166,38.65541772673875,1.25
1113,16.13,1,0.1,0.9,0.8793555079203722,-156721.9653233069,-0.0021675706964394107,0.0024382562925440573,28.471622188688002,39.46211361652487,1.25
1114,16.14,1,0.1,0.9,0.8106498883395252,-156779.83355912584,-0.002040598888611184,0.0024589916127557825,25.346173109259215,38.648810259337104,1.25
1115,16.15,2,0.2,0.8,0.9740537336434004,-156662.3000194077,-0.0023686452685554925,0.0024562845024938378,30.14559082370174,42.01811973997496,1.25
1116,16.16,2,0.2,0.8,0.9604613599523776,-156777.84720753194,-0.002543854317223703,0.002286780626010329,30.596770336914734,36.348705992860744,1.25
1117,16.17,2,0.2,0.8,0.9225595329207191,-156765.6362926117,-0.0025775721838494094,0.002412352562781911,33.8906545303482,36.01911281323479,1.25
1118,16.18,3,0.30000000000000004,0.7,0.6491727028342338,-156674.81959488697,-0.0021770685725154846,0.0025658382663020464,27.390580238552488,31.707065000919304,1.25
1119,16.19,5,0.5,0.5,0.3902251183185509,-156680.4397667113,-0.0021020047125577326,0.0024271332939925783,29.272476379483535,33.744328542105926,1.25
1120,16.2,4,0.4,0.6,0.7295584611556981,-156622.03175230575,-0.0025507770147918424,0.0026700478621916354,28.710743097293154,36.481930416939484,1.25
1121,16.21,4,0.4,0.6,0.39689426564261193,-156735.97935766348,-0.0025665379175956885,0.002403683403930801,31.163268979649533,39.04901972745516,1.25
1122,16.22,5,0.5,0.5,0.5347818612094906,-156722.2156693551,-0.0024189792377098548,0.0023559938384302152,30.235332068028107,35.077747686251755,1.25
1123,16.23,3,0.30000000000000004,0.7,0.6550162506300838,-156706.24508725494,-0.002343472518969586,0.002417861947018797,30.120381047591525,33.54016169336337,1.25
1124,16.24,3,0.30000000000000004,0.7,0.6245850644382859,-156792.19604362512,-0.0023823548503844184,0.0022981024481385,32.12391029253992,32.44408535970871,1.25
1125,16.25,2,0.2,0.8,0.7738078575130888,-156659.54402497457,-0.002441456834451398,0.0024774325425018662,30.64047706933941,33.31253071598102,1.25
1126,16.26,2,0.2,0.8,0.758214880126869,-156686.59995137763,-0.002296730783240623,0.0027311807113836587,27.895496356387753,39.664886178678245,1.25
1127,16.27,3,0.30000000000000004,0.7,0.10224561945108503,-156669.94287351987,-0.0023169392053276304,0.002376871314555769,27.995974704845295,36.059376775581995,1.25
1128,16.28,2,0.2,0.8,0.7081261316089712,-156754.34793920972,-0.0023986481637734047,0.002238156907746236,29.96001499452158,34.60231298713201,1.25
1129,16.29,3,0.30000000000000004,0.7,0.19652200024527444,-156622.77140956878,-0.002124315433694683,0.0025878953055574654,27.641245117579558,37.406699831064465,1.25
1130,16.3,5,0.5,0.5,0.36945312766975985,-156754.74855110343,-0.002385570442467169,0.002513951406362755,33.19838894018139,37.57210321087636,1.25
1131,16.31,6,0.6000000000000001,0.3999999999999999,0.7476683091061431,-156743.89712718583,-0.002434091548487625,0.002335690054299407,29.238535389622513,33.38702582400443,1.25
1132,16.32,4,0.4,0.6,0.3744368631253671,-156749.3734525957,-0.0025652676280909577,0.002249768611605081,32.26486546311395,32.151237685716616,1.25
1133,16.33,5,0.5,0.5,0.4527786576268386,-156664.80546767608,-0.0023272535237510604,0.0024110067837698687,28.819149325150022,31.438953966041126,1.25
1134,16.34,6,0.6000000000000001,0.3999999999999999,0.489606086747002,-156723.52730871429,-0.0020931096503565023,0.002801898976167419,26.45822637092168,38.2771024130507,1.25
1135,16.35,6,0.6000000000000001,0.3999999999999999,0.7239392536966001,-156711.50987626004,-0.002514197452018795,0.0025246297857941043,31.54929246542298,34.32869383919528,1.25
1136,16.36,5,0.5,0.5,0.4374089291635985,-156745.34613237297,-0.002498563619497721,0.0022650359442576502,30.76122354588279,33.120791599164725,1.25
1137,16.37,4,0.4,0.6,0.7966142076390998,-156715.14102437848,-0.0024370826834150478,0.0023733482644568296,29.779171404473363,32.138636176996776,1.25
1138,16.38,3,0.30000000000000004,0.7,0.508217449969583,-156743.77300514642,-0.002188716539747557,0.0022751829684846177,28.996828321265067,32.66390552179367,1.25
1139,16.39,2,0.2,0.8,0.5474237868426632,-156700.6476492735,-0.002403493817333354,0.0024474162451919336,30.635234039441283,34.24611295976342,1.25
1140,16.4,3,0.30000000000000004,0.7,0.29006896455576836,-156787.80262814875,-0.0024959810699764547,0.002635914292566042,32.44127800914802,39.6537122448832,1.25
1141,16.41,3,0.30000000000000004,0.7,0.07137233684078637,-156759.7761599355,-0.0024400393040150776,0.0024723377168805964,31.386657212346815,37.694114080613325,1.25
1142,16.42,2,0.2,0.8,0.4278134579661288,-156885.9212997824,-0.00216506089760487,0.002391905128839291,26.23724671994778,33.95171827300328,1.25
1143,16.43,1,0.1,0.9,0.9912982850312914,-156643.88511212266,-0.002097241147021652,0.0024667910356018573,26.262917957334874,37.26245669805078,1.25
1144,16.44,1,0.1,0.9,0.9826668212941259,-156834.5441930535,-0.00255548836168379,0.00231406657554584,30.484773265304238,34.91318211843361,1.25
1145,16.45,1,0.1,0.9,0.9921894851790529,-156744.592666745,-0.002519295583020986,0.0024820813229979137,32.281154390610915,40.52807208326036,1.25
1146,16.46,1,0.1,0.9,0.9567423854311068,-156873.6142140506,-0.0023161623290059515,0.002658670379362247,31.56399921650148,40.18488431286591,1.25
1147,16.47,0,0.0,1.0,0.45005749150120317,-156995.66245079527,-0.0022747016272701716,0.002560801535609864,29.326159086020123,36.207058663042375,1.25
1148,16.48,0,0.0,1.0,0.9855268544510365,-157038.152351343,-0.002249965059515276,0.0021421921650171746,29.098512248771165,31.928449031135912,1.25
1149,16.49,0,0.0,1.0,0.9977047119558486,-157062.52075554527,-0.002311382001790139,0.0022017077579063677,29.31108957444126,33.96058959443155,1.25
1150,16.5,0,0.0,1.0,0.9976762256477456,-156989.38826170255,-0.0025971476302808928,0.0025515117548058092,32.553540786872674,36.05225457993704,1.25
1151,16.51,0,0.0,1.0,0.9999250881248479,-156994.23272771682,-0.0023423695671703775,0.00244667807922462,34.76274945901594,39.929624842308755,1.25
1152,16.52,0,0.0,1.0,0.995785148556017,-157107.96360405095,-0.002397544433203526,0.0025557828119722853,31.803940416589988,35.29952727565541,1.25
1153,16.53,0,0.0,1.0,0.9909334112320215,-157022.13945237544,-0.002423277615798705,0.002600920748441639,32.31018719670248,36.632499036063514,1.25
1154,16.54,0,0.0,1.0,0.9995722582619327,-156995.00132265987,-0.002408465556274554,0.0022474681302354755,30.473405768962017,33.41425876080211,1.25
1155,16.55,0,0.0,1.0,0.9996851076868425,-157039.1562058298,-0.002565529733508977,0.0023946300550543153,32.167556859353056,39.061749500954306,1.25
1156,16.56,0,0.0,1.0,0.9982729994669264,-157075.07986229565,-0.002551831882648052,0.0024782496581981298,33.13579465715586,38.64651995280976,1.25
1157,16.57,0,0.0,1.0,0.9999551413970158,-157016.97171305952,-0.002549160644156831,0.0025313844924967238,33.17834275539992,37.71981468438883,1.25
1158,16.58,0,0.0,1.0,0.9999951709903933,-156976.5019854602,-0.002557541522544655,0.002524275287391058,32.52842806005109,34.19229115655861,1.25
1159,16.59,0,0.0,1.0,0.9999657484936927,-156991.83775514542,-0.0023837037764323694,0.002329191867524125,32.2783194053791,35.12243061442505,1.25
1160,16.6,0,0.0,1.0,0.9654202180770235,-156916.99778325387,-0.0027432403395842957,0.0026322817041953554,35.99656382232449,38.61560468301189,1.25
1161,16.61,1,0.1,0.9,0.3094568561791365,-156822.39770770175,-0.0025247686433910706,0.002623102569152126,32.30690872546333,38.1207783500425,1.25
1162,16.62,1,0.1,0.9,0.9950491727920252,-156615.84508133846,-0.0025410647604085794,0.002294435636723041,36.278073653505274,39.468060649686436,1.25
1163,16.63,1,0.1,0.9,0.9998362463239103,-156753.2053120939,-0.003051490866531289,0.0026114493558407593,37.34971298275035,37.26524878398034,1.25
1164,16.64,1,0.1,0.9,0.9999859855042341,-156708.7449210667,-0.0023408251201688,0.0024711517537085517,32.09667114862369,37.94426081604712,1.25
1165,16.65,1,0.1,0.9,0.7052998255384898,-156763.8283429158,-0.0026891506907986487,0.0025324792722904864,34.86832113556768,34.0472136891173,1.25
1166,16.66,1,0.1,0.9,0.9973701453540216,-156754.1966823899,-0.0027685219269685023,0.0024000777249964466,36.486727075971636,38.54076890697486,1.25
1167,16.67,1,0.1,0.9,0.998060189511616,-156715.0592717723,-0.002635905541651203,0.00249929056667895,33.30839101620794,40.45180235230831,1.25
1168,16.68,1,0.1,0.9,0.9992702089243398,-156809.43413251697,-0.0026083463807363193,0.0027805956699831266,31.10821916265849,45.179036844347635,1.25
1169,16.69,0,0.0,1.0,0.9911413560371013,-156943.07428220258,-0.0025880079696311785,0.002376871022197317,32.00914199131904,37.14960411311917,1.25
1170,16.7,0,0.0,1.0,0.9999876370135026,-157112.0603984515,-0.0027177862646284028,0.0022298264889535624,35.22717860015585,32.34310766443976,1.25
1171,16.71,0,0.0,1.0,0.9999957648667285,-157002.0473373436,-0.0025131469012899146,0.0025325395400500415,35.36869347486043,34.44242851713692,1.25
1172,16.72,0,0.0,1.0,0.9996065226259248,-156967.42662167197,-0.0024454963909824857,0.002717994461256104,34.647195166554056,36.85847280289065,1.25
1173,16.73,0,0.0,1.0,0.9999740175553143,-156988.5844167233,-0.002713647341855669,0.0025602479120405445,34.32179892081662,39.39281630633387,1.25
1174,16.74,0,0.0,1.0,0.9995898682096581,-157020.0188135514,-0.002788362826244675,0.0020916855840461017,34.135030349515475,33.03157331766012,1.25
1175,16.75,0,0.0,1.0,0.9989786134860194,-156908.8580003019,-0.0024720257064610954,0.0023196746825524398,32.056894486765835,37.054708665096165,1.25
1176,16.76,0,0.0,1.0,0.9783016396229235,-157032.44682830272,-0.0021291869347989855,0.0027816508547012686,27.429266340868075,36.80965006214015,1.25
1177,16.77,0,0.0,1.0,0.9300776248507073,-157012.82202217297,-0.0021099998784793977,0.0025316482761693795,30.715339596212548,36.29421358360894,1.25
1178,16.78,1,0.1,0.9,0.9825949357691383,-156657.76100259635,-0.002803914775179858,0.0020796812420345594,34.483768411930775,28.424929086033153,1.25
1179,16.79,1,0.1,0.9,0.9937002387260908,-156792.71556134845,-0.0024157556204748905,0.002400906597008658,32.435668950946514,40.2893075829949,1.25
1180,16.8,2,0.2,0.8,0.6471862160888228,-156651.7801604905,-0.0021339487357619306,0.0027106251678313195,25.637741763828753,40.354487920175416,1.25
1181,16.81,2,0.2,0.8,0.08494356191621144,-156691.59676165957,-0.002002631668107843,0.002491714237329569,24.64252561905049,41.31115138571656,1.25
1182,16.82,1,0.1,0.9,0.32755346457059514,-156768.92339290646,-0.0020293277176435614,0.0020922685597186677,25.48592985893214,34.283001769139354,1.25
1183,16.83,2,0.2,0.8,0.9776880833614711,-156776.97039604012,-0.00209025998063583,0.0023585254448548875,28.11205010196876,34.75585241337185,1.25
1184,16.84,2,0.2,0.8,0.9955660922557367,-156672.00203248314,-0.002626299036349458,0.0028511312290374967,33.51521422198604,37.13844003751896,1.25
1185,16.85,4,0.4,0.6,0.5864918346422175,-156797.2721757785,-0.002641284459096485,0.0023379372125390346,36.77397150165047,34.89818404182564,1.25
1186,16.86,2,0.2,0.8,0.976078132763727,-156762.13826483,-0.002410005691810515,0.002126683321622904,32.12152423855454,33.71934078011892,1.25
1187,16.87,2,0.2,0.8,0.8750850541818428,-156683.51500485744,-0.0023386254530725755,0.002754057296062105,27.50707639607291,37.90383979368326,1.25
1188,16.88,3,0.30000000000000004,0.7,0.5427829829322728,-156686.6247564934,-0.001966229327692975,0.0024872259218168607,26.048726581094634,37.70009223256301,1.25
1189,16.89,3,0.30000000000000004,0.7,0.33738206038628393,-156790.18145649275,-0.0026220920725898134,0.0024656070799144473,33.901014826460916,36.62653473477079,1.25
1190,16.9,2,0.2,0.8,0.8037002388795453,-156786.70735171472,-0.002800970910044391,0.0025604756677345044,37.239275102540354,37.56872492391278,1.25
1191,16.91,3,0.30000000000000004,0.7,0.15944121492940722,-156787.36367028163,-0.0020084200400351335,0.002447315824706432,26.72182338141325,35.54228491837544,1.25
1192,16.92,4,0.4,0.6,0.8257879431905313,-156681.66965178202,-0.0021645095702715594,0.002477689061705366,26.325335173303305,34.65224899617043,1.25
1193,16.93,3,0.30000000000000004,0.7,0.37981096015238675,-156754.58381871585,-0.0025095903474292346,0.002326455711992083,31.560004271831676,34.097809601239895,1.25
1194,16.94,2,0.2,0.8,0.8428877288622489,-156741.75504080384,-0.002268333117156433,0.0023606021294176873,30.234138126566073,36.262284969413024,1.25
1195,16.95,2,0.2,0.8,0.8071700816291021,-156747.8254793653,-0.0023151172067372786,0.00270179242574046,30.4345708869779,37.206936245757106,1.25
1196,16.96,1,0.1,0.9,0.4376265235853199,-156687.14515103385,-0.002402290726333606,0.0025580625567479627,32.25978273891413,37.89696695765801,1.25
1197,16.97,2,0.2,0.8,0.4590421247017383,-156784.75182281458,-0.0021905833271138415,0.0021381890098390232,27.23957962201693,32.64904633271755,1.25
1198,16.98,1,0.1,0.9,0.3480502837897884,-156782.86111658037,-0.0022849450701857873,0.002388466300289301,28.860095119317638,38.24430650753596,1.25
1199,16.99,1,0.1,0.9,0.8483613947477857,-156742.66128546602,-0.002310510397510906,0.0027705821476176574,27.65528273873118,40.042137612613864,1.25
1200,17.0,1,0.1,0.9,0.9646405413818406,-156777.53022197558,-0.002265637131831284,0.0022603764851677104,30.866368964326448,35.09860523954713,1.25
1201,17.01,1,0.1,0.9,0.23559083269861752,-156896.0086318034,-0.002484493187836105,0.002505745480557958,32.655100882160056,38.41896348294483,1.25
1202,17.02,1,0.1,0.9,0.5740867687147146,-156828.1330444269,-0.002516375261648464,0.0023811460078183217,33.95132820787879,36.30339080684295,1.25
1203,17.03,2,0.2,0.8,0.9406906681778872,-156726.44007257695,-0.002140330029604746,0.0023699716304415664,26.990694696534053,35.94754774670976,1.25
1204,17.04,2,0.2,0.8,0.4545310844062949,-156762.40162697237,-0.0024433376195631194,0.002688893269189244,31.02510849996948,38.991122959945095,1.25
1205,17.05,3,0.30000000000000004,0.7,0.7283688151682417,-156723.62107973997,-0.0024633184699246642,0.002455882240053669,30.862639755034635,35.911009480213416,1.25
1206,17.06,4,0.4,0.6,0.7768934282799685,-156773.95369331096,-0.002340347796033669,0.002277246493004757,32.775291934329964,36.42471184917973,1.25
1207,17.07,4,0.4,0.6,0.9000444497441888,-156738.1449511498,-0.0025242702509598366,0.002702814481167974,31.56683464074273,36.202314443323296,1.25
1208,17.08,5,0.5,0.5,0.710781651304796,-156772.91953829725,-0.002284485420513389,0.002476799639015881,31.607307677563213,34.89471611261687,1.25
1209,17.09,5,0.5,0.5,0.6612938886149439,-156705.77849405102,-0.0021596831910150518,0.002080854793823713,27.58078017431095,28.99227492745821,1.25
1210,17.1,5,0.5,0.5,0.40551216656576244,-156742.45564398807,-0.0024399421136267517,0.0024922612348060105,30.245300069313853,36.45088045761429,1.25
1211,17.11,4,0.4,0.6,0.936453025663333,-156746.5072472205,-0.0024223484835205833,0.0026367610733397605,31.019414751424176,35.89211032333999,1.25
1212,17.12,3,0.30000000000000004,0.7,0.47030902626163307,-156845.71867074186,-0.0021714349359100737,0.002561118804873989,30.511834107883985,35.3727728007856,1.25
1213,17.13,4,0.4,0.6,0.8827363996425027,-156647.5231854553,-0.0025591351163827196,0.0024982618303603637,33.69390360617626,32.904033361495195,1.25
1214,17.14,4,0.4,0.6,0.708586379575054,-156741.53672775804,-0.002210330896222007,0.0024207989291557892,27.194410655351593,34.56392720043921,1.25
1215,17.15,3,0.30000000000000004,0.7,0.7772302692062888,-156771.191739042,-0.0020685783802396294,0.002387526002944163,27.41401679301057,38.162980509915485,1.25
1216,17.16,4,0.4,0.6,0.034077751497263824,-156805.1019237977,-0.0026080943673898248,0.002699446184219662,30.848064546036934,41.26881345530886,1.25
1217,17.17,3,0.30000000000000004,0.7,0.7231801212295283,-156854.07802614072,-0.0024619590954060118,0.0023496802492672365,32.9065376541149,36.24658323549063,1.25
1218,17.18,3,0.30000000000000004,0.7,0.49600808765933924,-156726.54497066725,-0.0021884953072061992,0.0022826469202056167,29.67011385519433,31.611411366094323,1.25
1219,17.19,4,0.4,0.6,0.5105692679342175,-156758.73047057207,-0.002228484463394397,0.0025288857617924297,32.15625319236802,34.90608678426308,1.25
1220,17.2,6,0.6000000000000001,0.3999999999999999,0.1276419502713489,-156711.44078310716,-0.002202490340560221,0.002536896156354683,29.50265626324181,33.884822652394384,1.25
1221,17.21,5,0.5,0.5,0.8394571718752242,-156783.24957327385,-0.0025514861607165915,0.002327873551322517,31.768516562909763,34.65321082456236,1.25
1222,17.22,5,0.5,0.5,0.3308117664586061,-156689.75356173524,-0.0026148330251893046,0.002530914023753293,30.644086017422296,33.67662357852337,1.25
1223,17.23,6,0.6000000000000001,0.3999999999999999,0.6813969037718454,-156769.73141793653,-0.002026248806253278,0.002601418878150549,26.058801624737335,37.88050537146499,1.25
1224,17.24,6,0.6000000000000001,0.3999999999999999,0.7208621977796337,-156775.3599685557,-0.002405740887315393,0.0024760469769816197,31.074125183520113,32.24695908051026,1.25
1225,17.25,5,0.5,0.5,0.6977159849600088,-156794.60499042232,-0.0022430504554874454,0.0024094445790265756,32.5305406633716,36.051475095298315,1.25
1226,17.26,3,0.30000000000000004,0.7,0.028117129554731505,-156795.87321796807,-0.002430266720838443,0.0024538938989935298,32.976233695057424,33.45583811172407,1.25
1227,17.27,2,0.2,0.8,0.6365521958790772,-156814.3889792091,-0.0024783982034229752,0.0024843925946506215,32.18345423557829,34.577089191908094,1.25
1228,17.28,2,0.2,0.8,0.8644746392514391,-156796.37292537073,-0.002195905388794543,0.002439971439476792,27.668826652011663,36.983560792876794,1.25
1229,17.29,2,0.2,0.8,0.8130537650804044,-156814.96837333433,-0.002201116412565381,0.0023004105642360113,26.0565095171764,35.531153501667916,1.25
1230,17.3,1,0.1,0.9,0.7381200028469994,-156832.70402204487,-0.0023173858268896756,0.0023763835508183104,28.85792710643487,37.809657166042314,1.25
1231,17.31,1,0.1,0.9,0.6644435772987326,-156925.45219997625,-0.002224626393089636,0.0025060872500492024,29.7334377061224,39.266823263455024,1.25
1232,17.32,1,0.1,0.9,0.4949625793736819,-156832.13131174707,-0.0022012225900102335,0.002551284692763854,29.242266499160003,36.68242508455034,1.25
1233,17.33,1,0.1,0.9,0.7244938543622814,-156806.59523979988,-0.002316189668362468,0.0025386032857487714,30.244738151961382,37.36278620396842,1.25
1234,17.34,1,0.1,0.9,0.698655858408106,-156861.84094022776,-0.002555619391443937,0.002498519164240969,29.811798169709903,37.39576846647773,1.25
1235,17.35,0,0.0,1.0,0.5419114237854074,-157033.4651484308,-0.0023798136044557044,0.002330762028797335,28.15429359313439,38.04243782598656,1.25
1236,17.36,0,0.0,1.0,0.9998148898663436,-157012.9022870145,-0.002233347642982177,0.0023510294215353424,30.33264897253098,36.613466777715,1.25
1237,17.37,0,0.0,1.0,0.9964871236435362,-157039.18163877516,-0.0022822703981138686,0.0027559891592949283,30.477686642428125,39.81895218788483,1.25
1238,17.38,0,0.0,1.0,0.9959437484163409,-157076.14643907506,-0.0025798361753645196,0.0022812255050617598,35.904838512282424,32.975040704787695,1.25
1239,17.39,0,0.0,1.0,0.9999875075565846,-156970.27539949023,-0.0026663140528934578,0.0023493964964312773,34.65436390142834,33.817263558326346,1.25
1240,17.4,2,0.2,0.8,0.22067448341287832,-156739.47395908477,-0.0025626008811939307,0.002674359390511342,32.83802494584799,37.23628669288074,1.25
1241,17.41,1,0.1,0.9,0.8306326090017108,-156784.7717689196,-0.0021180871186136274,0.0025137088767816164,27.86980209860555,37.842298072055094,1.25
1242,17.42,2,0.2,0.8,0.8812416113865014,-156728.35418521316,-0.0022406527380160702,0.0021707766779428678,29.01369096856089,35.590955236766156,1.25
1243,17.43,3,0.30000000000000004,0.7,0.6533392230120475,-156767.73352895284,-0.002450175487916491,0.00238841079042682,29.810057840391334,36.83275557168615,1.25
1244,17.44,5,0.5,0.5,0.297479503021854,-156808.85414815834,-0.002082549814753444,0.0025627656920165225,25.976979512447,39.61937480662805,1.25
1245,17.45,6,0.6000000000000001,0.3999999999999999,0.565365866845635,-156701.5971628149,-0.0025420720079013495,0.002683543682864503,29.241825425688216,35.55026651645745,1.25
1246,17.46,7,0.7000000000000001,0.29999999999999993,0.9832864684309435,-156835.13622807193,-0.002606703864693238,0.002404070610665476,31.682095656830395,34.64277533446885,1.25
1247,17.47,7,0.7000000000000001,0.29999999999999993,0.9491028005177332,-156832.14668102955,-0.0023145123207785425,0.0020787512481815953,31.845867861199196,28.238077830286027,1.25
1248,17.48,7,0.7000000000000001,0.29999999999999993,0.8660524674378703,-156838.31119285687,-0.0023505157434762086,0.002604826770548037,32.11291231319865,31.925497919334145,1.25
1249,17.49,8,0.8,0.19999999999999996,0.7610077431809044,-156923.5379271585,-0.0022421344199534906,0.002561643964967378,28.370225848429776,32.21929584557946,1.25
1250,17.5,7,0.7000000000000001,0.29999999999999993,0.46976741952015366,-156839.0128060821,-0.002592525022342052,0.002206312648232698,31.482755161324867,30.832380022020494,0.625
1251,17.51,7,0.7000000000000001,0.29999999999999993,0.7575416880545648,-156790.05797497198,-0.002708498279607623,0.002539353329956799,30.500413486604604,33.49383457620278,0.625
1252,17.52,7,0.7000000000000001,0.29999999999999993,0.592803173572074,-156882.92651587114,-0.0023295887911353006,0.0027107421381865294,31.33859188844211,35.39514407925019,0.625
1253,17.53,7,0.7000000000000001,0.29999999999999993,0.5427378230626995,-156874.74851795915,-0.0020769511248938765,0.002507440694348922,27.3777228511327,34.04089550748313,0.625
1254,17.54,6,0.6000000000000001,0.3999999999999999,0.950947846067392,-156787.1249143699,-0.002431812062205997,0.002051873755183161,31.751819909643075,29.570722104940334,0.625
1255,17.55,6,0.6000000000000001,0.3999999999999999,0.9237908583431815,-156821.75358580702,-0.0022020768397440346,0.002286121478620406,26.741032795904722,34.40880436622189,0.625
1256,17.56,7,0.7000000000000001,0.29999999999999993,0.17338483771948654,-156895.7035902161,-0.002427060252978963,0.002681392903852403,29.438086079936827,37.67150939584295,0.625
1257,17.57,8,0.8,0.19999999999999996,0.5096213462037152,-156825.441830558,-0.0024936382421992293,0.00272125883818243,31.542115637945958,36.87733174608064,0.625
1258,17.58,8,0.8,0.19999999999999996,0.9770462459317464,-156920.3333029192,-0.0022504869787587844,0.0022165310104303813,29.41282975198196,31.12068059393749,0.625
1259,17.59,8,0.8,0.19999999999999996,0.9027872722429434,-156970.45442375547,-0.0023850102346111447,0.0022627473707214226,27.943930841625757,28.811640677251887,0.625
1260,17.6,7,0.7000000000000001,0.29999999999999993,0.28801367954271756,-156897.77128226424,-0.0022443289601512422,0.0024221378234964195,30.84885327630116,32.26110322590376,0.625
1261,17.61,6,0.6000000000000001,0.3999999999999999,0.46835254545918586,-156823.81564138972,-0.0024405425658639486,0.0026845843046334815,32.526012521018686,33.45240027635607,0.625
1262,17.62,6,0.6000000000000001,0.3999999999999999,0.8839505801528835,-156799.25807038328,-0.002615145961883989,0.002635839486180438,32.70359931262113,36.55003767734238,0.625
1263,17.63,6,0.6000000000000001,0.3999999999999999,0.7983369460180759,-156713.80436856707,-0.0024740640362448086,0.002144358394199962,28.95456590816344,30.902689599710463,0.625
1264,17.64,7,0.7000000000000001,0.29999999999999993,0.2951429586431309,-156800.01867978033,-0.0023554249854858345,0.002183255622239513,27.68158571772127,30.917772642825835,0.625
1265,17.65,6,0.6000000000000001,0.3999999999999999,0.5734006567061805,-156878.50881362578,-0.00211453085417249,0.002582294258709923,28.720035296534224,35.344825368078176,0.625
1266,17.66,5,0.5,0.5,0.3042462508629596,-156682.0724159609,-0.002242823235428399,0.0028351999859218035,29.76927833964929,38.0204976563994,0.625
1267,17.67,6,0.6000000000000001,0.3999999999999999,0.651448709625936,-156719.77116679784,-0.002448587222370115,0.0021039829494496737,31.50633299552688,31.101958322741126,0.625
1268,17.68,8,0.8,0.19999999999999996,0.005346675016931376,-156834.27131132327,-0.0023659232553169675,0.002175530135463599,27.68298567790052,32.64969414709143,0.625
1269,17.69,7,0.7000000000000001,0.29999999999999993,0.7050930411990957,-156849.9843978601,-0.002426098303169555,0.0027119928386134234,29.269587699989618,36.69791276228696,0.625
1270,17.7,6,0.6000000000000001,0.3999999999999999,0.3421603740894121,-156636.09385027576,-0.002204936452172208,0.0025972515213270545,29.64050522766923,33.74049744224913,0.625
1271,17.71,8,0.8,0.19999999999999996,0.10026988073249384,-156866.1247101327,-0.002202276846252051,0.0024046527128019106,29.76650242920415,33.90674041280852,0.625
1272,17.72,8,0.8,0.19999999999999996,0.897350462384727,-156889.99826788588,-0.0026641326356290178,0.0023208304185712214,31.253868159986315,31.319033837685875,0.625
1273,17.73,8,0.8,0.19999999999999996,0.7946799593441892,-156828.70713229402,-0.002426592666690815,0.002361703011480727,29.77572530932161,30.977728102552405,0.625
1274,17.74,9,0.9,0.09999999999999998,0.3152433712890875,-156998.05179259763,-0.002313736172388024,0.0024044051114490055,30.85086206632897,30.207130014219437,0.625
1275,17.75,9,0.9,0.09999999999999998,0.45294340513445985,-156960.84207944007,-0.0022963532976004175,0.0027200980645388233,29.62672542253573,35.45612273431799,0.625
1276,17.76,9,0.9,0.09999999999999998,0.946696945085917,-156955.36306187246,-0.002410171500786973,0.0024410720951558397,29.467263192882676,31.639845030983693,0.625
1277,17.77,8,0.8,0.19999999999999996,0.30153445710909077,-156806.04418136194,-0.0024465230352294673,0.0023034066388470525,29.538221452679604,34.040741532665976,0.625
1278,17.78,9,0.9,0.09999999999999998,0.4869686090000297,-157022.0919701266,-0.0025735407242826907,0.002526365537346686,30.999084265396643,31.536953609521206,0.625
1279,17.79,9,0.9,0.09999999999999998,0.6093996013010978,-156975.76065676834,-0.0021272688511344423,0.0025295392427188276,29.68483836962516,32.64064495899015,0.625
1280,17.8,8,0.8,0.19999999999999996,0.6971471823646432,-157001.83788706368,-0.002250382171766844,0.0023688794179696116,30.265559062059623,31.586904391799134,0.625
1281,17.81,7,0.7000000000000001,0.29999999999999993,0.8950832135036956,-156855.19342932856,-0.002494293409583454,0.0024485273693684896,29.770424021406733,35.52692453437961,0.625
1282,17.82,6,0.6000000000000001,0.3999999999999999,0.5140959877997837,-156846.35641928748,-0.0022885585850934394,0.0023053891322653555,26.989042197449752,35.90640247841717,0.625
1283,17.83,6,0.6000000000000001,0.3999999999999999,0.36321174985943516,-156633.1290698573,-0.0023647284129795078,0.002404481598968785,27.79450245350012,32.89602790652898,0.625
1284,17.84,7,0.7000000000000001,0.29999999999999993,0.5780235608100904,-156861.32117130954,-0.002441465494712858,0.0025397673477059544,32.177690993769,34.94790585398326,0.625
1285,17.85,8,0.8,0.19999999999999996,0.06593321321441309,-156978.59027834373,-0.0024753846064354723,0.002449285194764554,32.02021907718342,30.212152043710574,0.625
1286,17.86,7,0.7000000000000001,0.29999999999999993,0.5226699745785722,-156776.73614441697,-0.002139632444782648,0.0024268942619427828,28.37071849955013,33.59414573390919,0.625
1287,17.87,7,0.7000000000000001,0.29999999999999993,0.3994329627754595,-156800.2938889175,-0.002413670432326644,0.002694299482529586,27.89887418204891,34.21094330081218,0.625
1288,17.88,7,0.7000000000000001,0.29999999999999993,0.6477210704874649,-156802.62681673176,-0.00243574324132066,0.002217267666882991,30.579021549584432,32.81131206973935,0.625
1289,17.89,6,0.6000000000000001,0.3999999999999999,0.5057046480034014,-156746.71353759922,-0.002318800697915299,0.0021366789873598106,29.408701807243485,30.579011565323704,0.625
1290,17.9,5,0.5,0.5,0.7045524256923366,-156778.50947390703,-0.0023981773890002452,0.0027036908457660626,30.7392986732293,36.89050489261237,0.625
1291,17.91,6,0.6000000000000001,0.3999999999999999,0.09974791253244324,-156760.44448457845,-0.002287377532535056,0.0025038177449189054,30.087743484196835,34.212733477548255,0.625
1292,17.92,5,0.5,0.5,0.696135298580932,-156730.13920121014,-0.0024568292204691917,0.002304160515013961,32.606561534565124,33.393168518092935,0.625
1293,17.93,4,0.4,0.6,0.9119796027111315,-156707.19413964104,-0.0025564929281463897,0.0025855870082631374,29.02253217337687,35.301696991107235,0.625
1294,17.94,4,0.4,0.6,0.4326846673427568,-156738.1546290067,-0.0021906381662655937,0.0023048189883118396,27.6737116192491,33.17224205658963,0.625
1295,17.95,4,0.4,0.6,0.6374504766068348,-156664.5433417664,-0.0021010980375463354,0.0026207587808062625,25.672418820535544,37.098628657169535,0.625
1296,17.96,4,0.4,0.6,0.5232732223828024,-156745.90940791092,-0.002690140821914263,0.0025384423901804085,33.56689857396602,36.30591263627068,0.625
1297,17.97,5,0.5,0.5,0.6638869867807822,-156662.92173878264,-0.0024388387789887702,0.0023025750326547763,31.521198751807585,34.45722049649129,0.625
1298,17.98,5,0.5,0.5,0.751378305692037,-156739.92173035888,-0.002208957470390998,0.0024842689355451045,28.28270664847134,34.36830347015798,0.625
1299,17.99,5,0.5,0.5,0.6449078729334835,-156675.33453743046,-0.002195096815798707,0.0026104145849650123,26.238795440685134,36.368225798710256,0.625
1300,18.0,6,0.6000000000000001,0.3999999999999999,0.30954895813918654,-156726.74876659017,-0.002491271549490277,0.002228942801521106,31.846880142918447,31.785604621306426,0.625
1301,18.01,7,0.7000000000000001,0.29999999999999993,0.6227987679142533,-156821.50292451415,-0.0025773358404322863,0.0023699588856712335,32.566276588317145,32.96027666304345,0.625
1302,18.02,8,0.8,0.19999999999999996,0.7461939973890362,-156827.26054268138,-0.002229340163360472,0.0028694496692171284,29.138248856234377,37.86210442495603,0.625
1303,18.03,8,0.8,0.19999999999999996,0.6101521896784262,-156880.09263255802,-0.002038497378894256,0.0024045177152865914,27.167074685315093,32.01778944385778,0.625
1304,18.04,7,0.7000000000000001,0.29999999999999993,0.7433030430031653,-156793.56004702748,-0.0024740896323260275,0.0022981056942046494,29.547447823162347,30.684936366949092,0.625
1305,18.05,6,0.6000000000000001,0.3999999999999999,0.5990941116650533,-156759.59024329283,-0.002679322679699239,0.0022291515529077885,33.69444357505652,29.802488022807573,0.625
1306,18.06,6,0.6000000000000001,0.3999999999999999,0.477628509805779,-156777.64672370302,-0.0023968156532965263,0.00269235277444398,30.253266487730105,34.84159564200247,0.625
1307,18.07,6,0.6000000000000001,0.3999999999999999,0.2542838144770064,-156742.53791698717,-0.0023935192980917342,0.0024805501424705182,31.04360539713573,33.396736352094074,0.625
1308,18.08,4,0.4,0.6,0.5157128881235913,-156648.52297033003,-0.0019293294858406986,0.0020616671917575886,25.016942925520574,33.22592296200246,0.625
1309,18.09,5,0.5,0.5,0.5155285455604218,-156708.10904401375,-0.0024134391182367844,0.0023875844550221596,28.99986964819398,34.19974637425764,0.625
1310,18.1,5,0.5,0.5,0.7076185247776936,-156659.91471606455,-0.002432372985958073,0.002866514811736464,28.67193165633063,40.8708226772415,0.625
1311,18.11,4,0.4,0.6,0.6367597048219322,-156728.3839200335,-0.0024100512822557893,0.002292930836372509,32.983646607089774,33.89213837987436,0.625
1312,18.12,5,0.5,0.5,0.4538670614293938,-156628.1435787323,-0.0025675552528946093,0.0023876134095764277,32.50333500721655,31.445309409933014,0.625
1313,18.13,4,0.4,0.6,0.029987333899063644,-156699.12222495076,-0.0020716763287069386,0.0025294939318744126,26.725783142891803,34.14726440098368,0.625
1314,18.14,4,0.4,0.6,0.6762885049711184,-156753.99328052966,-0.0022905830653057887,0.0022923709059878084,28.617043827670052,32.77678596783594,0.625
1315,18.15,5,0.5,0.5,0.2563430356765426,-156699.60256628724,-0.002626533151115371,0.0022497382764006227,32.903693387953496,35.196895507694634,0.625
1316,18.16,5,0.5,0.5,0.535982824777456,-156786.55939505473,-0.002334230563068789,0.002718507602064737,28.675021108069735,39.05732955746887,0.625
1317,18.17,5,0.5,0.5,0.40384021121915203,-156801.93160832836,-0.0021142625022179335,0.002663768625826667,26.02072833789512,35.26318798729711,0.625
1318,18.18,7,0.7000000000000001,0.29999999999999993,0.31077482098037834,-156804.14638275155,-0.002340096029869317,0.0022656568020086726,29.994013872419877,30.82366348798876,0.625
1319,18.19,7,0.7000000000000001,0.29999999999999993,0.5929593978922455,-156808.2164356376,-0.002507371300175978,0.0022117835896787955,31.548338288211067,31.30589887508645,0.625
1320,18.2,7,0.7000000000000001,0.29999999999999993,0.2059411673853632,-156759.17353342136,-0.002485000338940855,0.0024889712595898253,32.35425729910905,32.825786444869614,0.625
1321,18.21,8,0.8,0.19999999999999996,0.9382296243326179,-156828.36415376075,-0.0022453527051489205,0.0026172727689121713,28.503865974321563,35.51827917133936,0.625
1322,18.22,8,0.8,0.19999999999999996,0.868601131340964,-156840.53533252233,-0.0023072378537135818,0.002337185718425664,29.84850563042408,32.647584899344025,0.625
1323,18.23,7,0.7000000000000001,0.29999999999999993,0.2771401510166807,-156850.49657617422,-0.002413934919574534,0.0023345879620653145,30.454026639120148,30.926730335826466,0.625
1324,18.24,8,0.8,0.19999999999999996,0.8156570810290531,-156819.64319959717,-0.00242927968054302,0.0025641589094124173,31.776956048531105,34.73909616277283,0.625
1325,18.25,8,0.8,0.19999999999999996,0.6744685665643726,-156887.8320698399,-0.0023807444638716565,0.0025855492118491232,29.41830283378781,34.1362490771953,0.625
1326,18.26,7,0.7000000000000001,0.29999999999999993,0.5413155901712936,-156878.9467996288,-0.0022682973344180435,0.0022841230913228676,29.341102110665958,31.13924861959664,0.625
1327,18.27,7,0.7000000000000001,0.29999999999999993,0.378065699229726,-156824.29738961687,-0.002365275313938809,0.0023801154465702763,29.499508973240964,31.095638770062276,0.625
1328,18.28,8,0.8,0.19999999999999996,0.7459614210130595,-156916.7062444979,-0.0024124647618719453,0.002475625413355286,32.36396194407575,34.5100906405313,0.625
1329,18.29,8,0.8,0.19999999999999996,0.3768079552058995,-156898.46611328915,-0.0022361051460497478,0.0024933408191357377,28.220675155585088,33.62653530850858,0.625
1330,18.3,6,0.6000000000000001,0.3999999999999999,0.5893553418698461,-156754.68342678083,-0.0024281177304411356,0.002417534745186617,29.851084234934923,35.45054073734336,0.625
1331,18.31,6,0.6000000000000001,0.3999999999999999,0.8194254175335559,-156756.50618447407,-0.0026719755557108957,0.0023058977978838227,32.103982357440934,30.690319849384,0.625
1332,18.32,6,0.6000000000000001,0.3999999999999999,0.7200791637655345,-156813.96739333586,-0.0022495131687907694,0.002296630426087202,30.66085460408987,32.90287044853725,0.625
1333,18.33,6,0.6000000000000001,0.3999999999999999,0.5121728093922516,-156796.81646001228,-0.0021971554403439502,0.0028030651002133567,28.269999630437123,35.025178360242144,0.625
1334,18.34,5,0.5,0.5,0.5113289167024374,-156836.0381238651,-0.0021980228666098143,0.0024578298474800604,30.510826647908697,36.20696744103909,0.625
1335,18.35,4,0.4,0.6,0.36719356139152326,-156604.45355765978,-0.002398944718339527,0.002252436121791352,28.82583578649626,32.43856955231903,0.625
1336,18.36,3,0.30000000000000004,0.7,0.4149504751411167,-156779.30567168942,-0.00259286464708501,0.002309167132281185,31.006755485205854,35.081992575480044,0.625
1337,18.37,4,0.4,0.6,0.8381738135962191,-156731.2627108693,-0.0023791546600377754,0.002518145744889338,28.57750572434194,34.51495068422869,0.625
1338,18.38,4,0.4,0.6,0.6962107423599045,-156758.20784138527,-0.0020649421469742146,0.002598399524949414,29.139909795289483,36.474725768881186,0.625
1339,18.39,5,0.5,0.5,0.40623066712105843,-156691.08149645553,-0.00249138025636054,0.002595974980884652,30.40155342605458,35.11284395318707,0.625
1340,18.4,4,0.4,0.6,0.3295884368072133,-156673.0336407852,-0.0027381788203524058,0.0021362528984431098,33.952826173922254,31.79056829408957,0.625
1341,18.41,5,0.5,0.5,0.426779007879965,-156831.08054761827,-0.0021939892090848422,0.0023389730578825636,26.650997371484824,34.44385373762111,0.625
1342,18.42,5,0.5,0.5,0.18683842370974718,-156776.88423071068,-0.002255394448904285,0.002782100644977172,28.497506022855212,37.73743446138851,0.625
1343,18.43,6,0.6000000000000001,0.3999999999999999,0.16389249824516558,-156807.60456552164,-0.002292179349079805,0.002556057327279284,29.41319744162871,35.35035243830603,0.625
1344,18.44,5,0.5,0.5,0.3119394474586818,-156680.57217855964,-0.0024065940778752234,0.0022184337482101424,31.004647285025168,31.71344955938392,0.625
1345,18.45,6,0.6000000000000001,0.3999999999999999,0.6699310614803714,-156779.46453524966,-0.002445747507498693,0.002365446902942342,30.19596396944988,33.128843236927096,0.625
1346,18.46,7,0.7000000000000001,0.29999999999999993,0.17355995849618375,-156848.0828625885,-0.002225353451814759,0.0024957244523762297,27.715035030462456,34.26781091651284,0.625
1347,18.47,9,0.9,0.09999999999999998,0.5134546274885284,-156894.9917868809,-0.002262131071120565,0.00244051938829399,29.650828118023124,34.275833397711736,0.625
1348,18.48,8,0.8,0.19999999999999996,0.03874659021633803,-156936.26074749176,-0.0024314379571983885,0.0025502823209564403,30.837185508193553,34.39615792686664,0.625
1349,18.49,9,0.9,0.09999999999999998,0.9175899470429275,-156875.3061988015,-0.0023728132737691737,0.0024614238695193093,30.838873182635126,32.95642042849691,0.625
1350,18.5,9,0.9,0.09999999999999998,0.9946377034655745,-157068.76014325584,-0.002347942244551262,0.002291201323836582,28.305707011348225,30.23757148649471,0.625
1351,18.51,8,0.8,0.19999999999999996,0.15252627112237882,-156940.38694905577,-0.0025838665229383864,0.002257956956980848,33.80734920384057,29.357398183762033,0.625
1352,18.52,9,0.9,0.09999999999999998,0.6048031934474395,-156934.64339129592,-0.002336524160354451,0.0027365613537159153,30.426918096003284,33.30603658276124,0.625
1353,18.53,9,0.9,0.09999999999999998,0.974541694983588,-157001.3566430927,-0.0023093559769251874,0.002663133787130123,31.732341852318896,34.91939402046824,0.625
1354,18.54,8,0.8,0.19999999999999996,0.45570802291556756,-156980.46416371808,-0.002479360853154602,0.0024665333444405997,29.801769230977225,31.96865630675352,0.625
1355,18.55,7,0.7000000000000001,0.29999999999999993,0.8065128053781955,-156776.46502200418,-0.002307063674200816,0.002219157644951464,29.491028200602685,32.98095318276012,0.625
1356,18.56,7,0.7000000000000001,0.29999999999999993,0.6831328392342579,-156808.96657371012,-0.0023702287463660595,0.002536513622681515,28.236381015265422,34.48844314081277,0.625
1357,18.57,7,0.7000000000000001,0.29999999999999993,0.12329239936127985,-156873.29679688183,-0.0024544016406349363,0.002238428653065899,34.141680906472914,31.8944693917226,0.625
1358,18.58,6,0.6000000000000001,0.3999999999999999,0.7432758286936714,-156820.31808039968,-0.0021942861541924853,0.002529291344329522,29.060511931111456,35.6759708292105,0.625
1359,18.59,6,0.6000000000000001,0.3999999999999999,0.45650866159322767,-156787.67794784554,-0.0023724813984530757,0.002545271837244626,28.86137519089776,34.370987588399686,0.625
1360,18.6,4,0.4,0.6,0.34607353071481955,-156771.39029940727,-0.002231446153579176,0.002492365599409764,26.350565219486676,35.53972788766128,0.625
1361,18.61,3,0.30000000000000004,0.7,0.8850681093869407,-156756.96396759702,-0.00238775579155618,0.002391841779684243,28.421451055297283,33.91523458933317,0.625
1362,18.62,4,0.4,0.6,0.6972461625996584,-156791.61063290946,-0.002654130621979498,0.0025747287038760456,33.35530430908083,36.79459572149293,0.625
1363,18.63,4,0.4,0.6,0.48241556618113496,-156827.18491593222,-0.0025580528371596063,0.0024208508108369223,33.293538645578515,33.473669635140205,0.625
1364,18.64,5,0.5,0.5,0.33904330750242034,-156853.70427905192,-0.0021868561437319725,0.0023844524691529053,29.530368973841195,34.08051950812701,0.625
1365,18.65,6,0.6000000000000001,0.3999999999999999,0.0357784381348043,-156760.8939762658,-0.0022553149796921295,0.0022860770528634437,27.149358724363555,31.587391098678175,0.625
1366,18.66,5,0.5,0.5,0.4794531756169553,-156814.55776586843,-0.0020825490463990707,0.002353472672943404,25.818228265234463,36.016905866465095,0.625
1367,18.67,5,0.5,0.5,0.29752184324844894,-156771.87047481205,-0.002553205137784666,0.0025316945182940324,30.853451814983185,37.297050585156924,0.625
1368,18.68,4,0.4,0.6,0.317761619701537,-156820.27766263598,-0.002657696544789991,0.002640329251910457,34.361965216135424,37.537890995513116,0.625
1369,18.69,4,0.4,0.6,0.21313751797170458,-156798.3681539105,-0.0018599339394741346,0.002381957031919198,26.21540424140143,32.83492641021973,0.625
1370,18.7,3,0.30000000000000004,0.7,0.4576787824136157,-156841.1181281259,-0.002172445008475243,0.00259629512603726,27.128734319568,33.34217081789545,0.625
1371,18.71,4,0.4,0.6,0.12955613005291564,-156763.2670686252,-0.0026424377168751075,0.002451460162332415,30.526249146219214,34.645056422844036,0.625
1372,18.72,3,0.30000000000000004,0.7,0.9693036851119837,-156776.6837348962,-0.0027633988761260743,0.0020427729803735644,32.874545237044835,32.19270956508118,0.625
1373,18.73,4,0.4,0.6,0.03570653202020812,-156759.02539150268,-0.0025157679597553172,0.0025789461161032775,32.573639537604286,38.9952525197166,0.625
1374,18.74,3,0.30000000000000004,0.7,0.8729067269985094,-156875.21255134948,-0.0020511094851144835,0.0027751605057027952,27.327776675638656,37.54349035769754,0.625
1375,18.75,3,0.30000000000000004,0.7,0.8670680018026794,-156873.83559623253,-0.0020074400568442295,0.002201812486883558,27.465962942829066,32.82026535978411,0.625
1376,18.76,3,0.30000000000000004,0.7,0.8572910550381209,-156806.35955324446,-0.0026141476199631995,0.00208514789539656,31.13674882538962,30.780209484574915,0.625
1377,18.77,2,0.2,0.8,0.23365614396681236,-156774.6701264671,-0.0023884230659703557,0.0025914684490854524,28.61722708742932,38.41690717385541,0.625
1378,18.78,2,0.2,0.8,0.7932686349117978,-156885.03774690008,-0.0021689160334041856,0.00276429956268555,27.406847145238903,38.227681126753474,0.625
1379,18.79,3,0.30000000000000004,0.7,0.8090247527654283,-156791.16745972008,-0.0026155000101403835,0.0023760530661963222,33.47169799656158,33.49154037966907,0.625
1380,18.8,3,0.30000000000000004,0.7,0.789447559882647,-156722.4411302197,-0.002340057211467677,0.002154001464350004,30.062334131127145,33.089569047705766,0.625
1381,18.81,3,0.30000000000000004,0.7,0.5677297109646321,-156777.95625935306,-0.002119108555828748,0.0024371039851260956,27.88043809428,36.63380837594827,0.625
1382,18.82,3,0.30000000000000004,0.7,0.29751484319139593,-156803.54304198278,-0.0023281477616509,0.002706692394468293,28.606246165174742,40.045535265800694,0.625
1383,18.83,3,0.30000000000000004,0.7,0.3919865632434521,-156820.48549254247,-0.002592603620165306,0.002506158959154095,31.53488147787295,39.726412726619245,0.625
1384,18.84,3,0.30000000000000004,0.7,0.23288092325711823,-156852.49989524978,-0.002495953667514145,0.002081462006780811,30.221680265237744,29.44137684007402,0.625
1385,18.85,6,0.6000000000000001,0.3999999999999999,0.4475330468303145,-156802.65274497593,-0.0021508539083866978,0.0025301759781964023,27.18377276335128,33.75359874366983,0.625
1386,18.86,6,0.6000000000000001,0.3999999999999999,0.10968196451062853,-156829.93236904097,-0.002188999856098558,0.0027517387430026578,26.764240720289312,35.69969953234626,0.625
1387,18.87,7,0.7000000000000001,0.29999999999999993,0.7806779300109962,-156971.97028193015,-0.002457126135581811,0.002172003424672775,33.32194259137935,31.640622863307804,0.625
1388,18.88,5,0.5,0.5,0.32045735770065537,-156792.98217447617,-0.0022862438268977134,0.0023887177190229213,29.539586982955882,35.519451714898764,0.625
1389,18.89,5,0.5,0.5,0.2733414409507534,-156798.8309273415,-0.0023940119042620924,0.002803256641293078,28.429330653518043,38.62781828029792,0.625
1390,18.9,7,0.7000000000000001,0.29999999999999993,0.1561731400513258,-156832.80720715245,-0.002537806644392605,0.0022902604618484637,30.827888596988217,32.55813571383969,0.625
1391,18.91,8,0.8,0.19999999999999996,0.4989198785405184,-156983.88803620695,-0.0024149736145767826,0.001997186797452447,30.795902458316228,29.248988228767942,0.625
1392,18.92,7,0.7000000000000001,0.29999999999999993,0.08622910881976889,-156810.04744885903,-0.0022928852031443452,0.002608187317277656,30.622962155295433,33.338993387323065,0.625
1393,18.93,8,0.8,0.19999999999999996,0.7516067047570645,-156964.5779538649,-0.002236456639897012,0.0028744445021117748,29.11731909456149,33.94558804908494,0.625
1394,18.94,9,0.9,0.09999999999999998,0.8504719456666314,-156986.15590572346,-0.0023256959536593204,0.0022843758318755623,29.688537584699187,32.57155034733825,0.625
1395,18.95,8,0.8,0.19999999999999996,0.49729325307999384,-156903.67475441503,-0.002749303973328645,0.002205265079479958,33.1152938513984,32.65466889935239,0.625
1396,18.96,9,0.9,0.09999999999999998,0.7166449876516644,-157036.8627026881,-0.0022732913191467674,0.0025521373474090767,30.30005202718347,35.72433951356007,0.625
1397,18.97,9,0.9,0.09999999999999998,0.7607636501323748,-157013.7589432083,-0.002215437594107307,0.002557438393547551,31.026473541407036,32.40347955555628,0.625
1398,18.98,8,0.8,0.19999999999999996,0.17425951064870168,-156949.47302142315,-0.002181103786245939,0.0025148953193038955,27.592073384522386,31.546646098094858,0.625
1399,18.99,9,0.9,0.09999999999999998,0.8750738256017732,-157066.63618822256,-0.002426859564573205,0.002247423363792321,28.971855395234687,29.477696437092845,0.625
1400,19.0,9,0.9,0.09999999999999998,0.9638428269188798,-157098.85988465807,-0.0025721075859885347,0.0021856485322935245,30.833329964463704,29.584213301768905,0.625
1401,19.01,9,0.9,0.09999999999999998,0.9585227166031638,-157035.85396008438,-0.0023330342715511985,0.0026241078754540674,31.146016580392683,33.481637610275364,0.625
1402,19.02,9,0.9,0.09999999999999998,0.9357479952886335,-156980.23479226689,-0.0020766775042382734,0.002556036655871707,30.56236212548027,32.95594629521303,0.625
1403,19.03,9,0.9,0.09999999999999998,0.927473240468496,-157075.86725040365,-0.002474649891918843,0.002254765982198299,31.14678880722987,27.44924889792076,0.625
1404,19.04,10,1.0,0.0,0.4231372908376663,-157306.83720158052,-0.0023969111584565845,0.0020571337176114434,29.074037443625276,26.580769082351253,0.625
1405,19.05,10,1.0,0.0,0.8596947488388371,-157259.2798361521,-0.0024020932408945093,0.0023349375527366616,30.17881167535045,29.519066878314874,0.625
1406,19.06,10,1.0,0.0,0.9999900084516323,-157270.31125463516,-0.0022054949086440737,0.0029198375202694003,28.607225478884835,34.86222044566551,0.625
1407,19.07,10,1.0,0.0,0.9958513882768495,-157287.18708120644,-0.0022288158605000366,0.002508072417155271,31.142857755269155,32.32845013097508,0.625
1408,19.08,10,1.0,0.0,0.994992741243641,-157195.50208514725,-0.0024889476806422266,0.0023646585570704787,30.23109358108447,31.88978672776026,0.625
1409,19.09,10,1.0,0.0,0.9999624851256375,-157262.20413624364,-0.0024121112359271352,0.002186053743236667,29.56861067206523,29.44835576528607,0.625
1410,19.1,10,1.0,0.0,0.9999864429583436,-157245.789500771,-0.0020656348958236516,0.002515016076078509,28.35836244602667,35.34652304788463,0.625
1411,19.11,10,1.0,0.0,0.9997443382292068,-157255.73833220458,-0.0026114861695690265,0.002781059071273822,33.38083407928981,33.99561662252082,0.625
1412,19.12,10,1.0,0.0,0.993651195352095,-157365.2766892607,-0.00217054888228287,0.0024343141468020674,29.114776087014206,33.69493187038746,0.625
1413,19.13,10,1.0,0.0,0.9999754987535723,-157248.56202089463,-0.002497705805659838,0.002294788502672724,31.853642042683898,30.652810974287593,0.625
1414,19.14,10,1.0,0.0,0.9999995328266376,-157334.30512569414,-0.00251785516575705,0.002827352944842837,30.413485654286948,36.52254408023483,0.625
1415,19.15,10,1.0,0.0,0.9975673981828699,-157231.41609798424,-0.0022090647758742496,0.0026541678574295516,29.70813838149214,36.49967681495084,0.625
1416,19.16,10,1.0,0.0,0.9753818262462366,-157267.19797155014,-0.0025178221803979625,0.002595014700075067,31.478314368982556,35.308487788219004,0.625
1417,19.17,10,1.0,0.0,0.9991194670533546,-157208.9246976596,-0.0025253523140966287,0.0025029677588182596,32.68572366475415,35.043627034066375,0.625
1418,19.18,10,1.0,0.0,0.9545264838695985,-157225.19633596853,-0.0022474172362345313,0.00251890660384531,30.20030429397954,34.47673951149197,0.625
1419,19.19,10,1.0,0.0,0.9953226336231263,-157228.1675913699,-0.0024304358508969665,0.002794335818104331,30.561384186993667,36.487156588214724,0.625
1420,19.2,10,1.0,0.0,0.9624286259176055,-157148.87018470012,-0.0024143715256207936,0.0024621320175650663,30.83541247748996,33.65645403915258,0.625
1421,19.21,9,0.9,0.09999999999999998,0.8790542473226842,-157033.71290671386,-0.0025432592140034174,0.002646283559432117,32.01712088898688,38.8593258959383,0.625
1422,19.22,9,0.9,0.09999999999999998,0.9893683088007744,-156945.94961854702,-0.002474298367802213,0.0025936641323175305,31.470602419750577,36.93758024532251,0.625
1423,19.23,9,0.9,0.09999999999999998,0.9794925678259255,-156986.0649965504,-0.0020981207926137387,0.002581816936548667,27.622766535916142,40.66690850383603,0.625
1424,19.24,9,0.9,0.09999999999999998,0.9382355501089733,-157026.52622336228,-0.002558615650907544,0.002676288469347154,31.71973061654435,36.78897178123899,0.625
1425,19.25,10,1.0,0.0,0.7596571710274697,-157290.93955413316,-0.002551550658120037,0.0024565943036203926,34.65818257798588,35.041856692440376,0.625
1426,19.26,10,1.0,0.0,0.7274086415875375,-157220.95894512255,-0.002459263893725361,0.0026467433699298797,29.705267031378142,33.65275931847505,0.625
1427,19.27,10,1.0,0.0,0.9996637076080849,-157240.04163784534,-0.002249144998923449,0.002682448404203674,27.195031571358726,34.715512930402234,0.625
1428,19.28,10,1.0,0.0,0.9996983146883004,-157316.94405661753,-0.0022401670886002525,0.0023732229291853106,30.491155979006656,32.07268357958393,0.625
1429,19.29,10,1.0,0.0,0.9959843925245875,-157232.2189338778,-0.0024259825819524595,0.002596030687371881,31.090772498763886,34.265333358372466,0.625
1430,19.3,9,0.9,0.09999999999999998,0.2741911713599024,-156940.56831040946,-0.0025295932707965424,0.002546409241833819,31.92947449761472,35.94210767577498,0.625
1431,19.31,9,0.9,0.09999999999999998,0.8904194787986586,-157065.3694172133,-0.0025229740629147675,0.0023825495449349954,29.693984494104686,29.54714109882807,0.625
1432,19.32,9,0.9,0.09999999999999998,0.9716320325583526,-156947.612338759,-0.002289011674105391,0.0025159596437883897,30.089428870334146,32.700902577668515,0.625
1433,19.33,9,0.9,0.09999999999999998,0.8749529361468905,-157086.96442833543,-0.0025105194604839523,0.0025981400231306975,30.547882130890553,30.465762919860833,0.625
1434,19.34,8,0.8,0.19999999999999996,0.8953374310579748,-156875.37041365643,-0.0024116625934516842,0.0023923205227643477,31.796904598932272,32.16944640878566,0.625
1435,19.35,7,0.7000000000000001,0.29999999999999993,0.1598483552395045,-156808.1283410797,-0.0022945587801980077,0.002141992997959906,30.757939599259384,29.244756137604195,0.625
1436,19.36,5,0.5,0.5,0.23267804225948566,-156844.92344935387,-0.002322525318253627,0.002713630467496797,28.786803979598254,38.459391866965625,0.625
1437,19.37,4,0.4,0.6,0.07572940665981925,-156664.4524295051,-0.002338714851409232,0.0026490481439860754,26.220060597444473,37.22997192372002,0.625
1438,19.38,3,0.30000000000000004,0.7,0.19753747060663815,-156742.59923170958,-0.0024223980282788707,0.0023688172029969223,30.01056898897013,37.00066858128831,0.625
1439,19.39,4,0.4,0.6,0.7216261145542616,-156751.35351940035,-0.0023712762340356427,0.002344129348053211,28.56711944168832,34.747462388497205,0.625
1440,19.4,4,0.4,0.6,0.29935254077594564,-156750.86357623656,-0.00237799082408819,0.0023182275404466926,31.28856699807027,33.80703473302787,0.625
1441,19.41,6,0.6000000000000001,0.3999999999999999,0.19485895657572955,-156721.49514380257,-0.002331226891692444,0.002341679378399507,30.648098735398552,32.12799648494576,0.625
1442,19.42,5,0.5,0.5,0.20006736327204958,-156803.0579402609,-0.002196111571427826,0.002479781178757209,29.32726293320124,34.40264556866411,0.625
1443,19.43,6,0.6000000000000001,0.3999999999999999,0.5811661511477819,-156725.82178218322,-0.0023300028483213674,0.0027790907468983887,28.06105149402581,37.571030793400546,0.625
1444,19.44,6,0.6000000000000001,0.3999999999999999,0.3122690603504594,-156689.71912237027,-0.002571876899151912,0.002299165307411779,30.059972838514025,31.72177508349612,0.625
1445,19.45,8,0.8,0.19999999999999996,0.18301833526499456,-156889.83775162636,-0.0024677554456695853,0.00209178746107913,30.886622458321373,30.027597913618248,0.625
1446,19.46,8,0.8,0.19999999999999996,0.8442860701594636,-156891.7925482489,-0.002358013494873957,0.0027161915412650187,30.028563797345498,31.750902890482045,0.625
1447,19.47,8,0.8,0.19999999999999996,0.9118068669223393,-156895.49265800585,-0.0020139839909596676,0.002574266038119698,29.204146665928352,31.937091974146092,0.625
1448,19.48,8,0.8,0.19999999999999996,0.5485600410435034,-156874.55860696026,-0.0024845665581474993,0.0025214919046140094,29.840899980903025,32.85161915701751,0.625
1449,19.49,7,0.7000000000000001,0.29999999999999993,0.7753829307139529,-156852.67386262515,-0.002778943297208796,0.002138181054067904,32.94793444970248,32.81849382851094,0.625
1450,19.5,7,0.7000000000000001,0.29999999999999993,0.8623269165392543,-156821.7006480445,-0.002326027218319573,0.0019962403790423863,29.991076017724605,29.8486287559862,0.625
1451,19.51,6,0.6000000000000001,0.3999999999999999,0.10920717874853639,-156789.50165374082,-0.0022575064408548945,0.0028208201613325367,30.332215447193427,36.73988870237861,0.625
1452,19.52,5,0.5,0.5,0.3620377186610584,-156725.91569957987,-0.002363226128884566,0.002740439699547874,30.12885148000021,33.800340924280846,0.625
1453,19.53,5,0.5,0.5,0.47579329662223113,-156772.31894948092,-0.002409880103472167,0.002171939677771333,31.478400760332445,31.097708595767184,0.625
1454,19.54,4,0.4,0.6,0.6096235326640891,-156789.4417186695,-0.002566622605307284,0.0024475522764372884,28.939636351047163,34.133899307578545,0.625
1455,19.55,4,0.4,0.6,0.6965605108679302,-156755.93446882424,-0.002146833693236724,0.0026894349831261457,26.74400719767595,39.82585779452102,0.625
1456,19.56,2,0.2,0.8,0.7648792340354513,-156678.97815229004,-0.002208640311845806,0.00227341612470909,29.14315373166289,33.176560478888796,0.625
1457,19.57,2,0.2,0.8,0.8324008971894744,-156796.4495627927,-0.002342211575860217,0.002338345308117097,30.455240591006152,37.48517178754315,0.625
1458,19.58,2,0.2,0.8,0.6532903191548609,-156870.68906957272,-0.0026546607420670234,0.0024236025485382447,32.815864251030526,34.71766873198363,0.625
1459,19.59,2,0.2,0.8,0.7873600328950789,-156702.51688439716,-0.0024193215987315204,0.0025042535634788015,29.89978581468201,36.061068896047495,0.625
1460,19.6,4,0.4,0.6,0.32555385735959325,-156800.6917196182,-0.0023411610350870136,0.0026496812261483874,29.39521292031577,36.52040112700605,0.625
1461,19.61,3,0.30000000000000004,0.7,0.31077886096241125,-156787.40067966838,-0.0021440226221858985,0.002536557242018013,27.367865289460152,35.23916447685001,0.625
1462,19.62,4,0.4,0.6,0.2353329390717606,-156809.47036057318,-0.0021949101863463806,0.0022556385149069685,28.402842908225768,34.17692060066553,0.625
1463,19.63,4,0.4,0.6,0.36426192005297175,-156783.13974455526,-0.0026989270394427362,0.002450030759754258,30.83849239300038,35.64190430779463,0.625
1464,19.64,6,0.6000000000000001,0.3999999999999999,0.509689527170363,-156852.0902878851,-0.0025003170295526695,0.0022617538556165473,31.97373468523855,34.21320917054836,0.625
1465,19.65,7,0.7000000000000001,0.29999999999999993,0.5686012984543396,-156835.18951716617,-0.002176430345447611,0.0026238933524626072,27.50241590391754,34.96323001696001,0.625
1466,19.66,7,0.7000000000000001,0.29999999999999993,0.3553973679741418,-156923.72226588265,-0.00219574965847105,0.0026693570138316583,27.10409719703759,34.719472599048416,0.625
1467,19.67,7,0.7000000000000001,0.29999999999999993,0.2493442650664459,-156895.96873530134,-0.002380833087760408,0.0020532982683679913,29.71562895357978,28.603193118594994,0.625
1468,19.68,6,0.6000000000000001,0.3999999999999999,0.37574493273104886,-156784.12691892532,-0.002633744344510532,0.002329982519495619,31.85993098897788,31.58436533481705,0.625
1469,19.69,7,0.7000000000000001,0.29999999999999993,0.5878158368166163,-156876.21855553426,-0.002500735725244599,0.002783495407232621,32.276041552830115,36.13417769967599,0.625
1470,19.7,7,0.7000000000000001,0.29999999999999993,0.4547450683686177,-156935.63263730684,-0.002214706317307023,0.002580058062497417,30.188040638474586,34.62793790202998,0.625
1471,19.71,6,0.6000000000000001,0.3999999999999999,0.44774260888776984,-156919.32197338855,-0.0023046995632003964,0.002447622360806789,27.73088207510196,32.53325642656149,0.625
1472,19.72,5,0.5,0.5,0.7845832136733646,-156818.39008374553,-0.0024432240772375062,0.0022024524935792544,30.015074496068262,31.353652050919216,0.625
1473,19.73,5,0.5,0.5,0.7400590914108895,-156837.40331327796,-0.002374910694065133,0.002322326697219639,29.510367683582622,34.509157525045254,0.625
1474,19.74,5,0.5,0.5,0.37333356641336535,-156823.45990930824,-0.002498838429743254,0.002605728442946252,31.67542375852625,37.553566448502814,0.625
1475,19.75,6,0.6000000000000001,0.3999999999999999,0.6206337641903937,-156812.17000409972,-0.0023652113721397165,0.0024565782721793026,30.89455903688619,36.05163632395844,0.625
1476,19.76,6,0.6000000000000001,0.3999999999999999,0.2353069347940179,-156748.13735925927,-0.002283968314453539,0.0023188392947689684,27.82718089499705,30.344862488717254,0.625
1477,19.77,7,0.7000000000000001,0.29999999999999993,0.09067247998645014,-156861.8215769132,-0.0021656274941789966,0.0024391498669901245,26.597140201786026,33.50822301834732,0.625
1478,19.78,8,0.8,0.19999999999999996,0.6327701265973593,-156978.54332079337,-0.0024865941231179767,0.0024938034844467966,30.57972374718009,33.25088115044943,0.625
1479,19.79,8,0.8,0.19999999999999996,0.9515742885725221,-156979.74657530503,-0.0024872759625767546,0.002360324594917678,33.46809480801979,31.75942767909554,0.625
1480,19.8,8,0.8,0.19999999999999996,0.91226406931645,-156997.67725882735,-0.0022417326332332607,0.002556241399556326,28.935108193719323,34.24574310764111,0.625
1481,19.81,8,0.8,0.19999999999999996,0.8982933235838201,-156980.2664530868,-0.0022982726491930817,0.002474031610924218,27.636504574551175,32.61595792612521,0.625
1482,19.82,9,0.9,0.09999999999999998,0.23275900794826154,-157144.84277688284,-0.0023991237263570543,0.002336094452853152,30.34699517567399,32.60407646350049,0.625
1483,19.83,7,0.7000000000000001,0.29999999999999993,0.21541963058958571,-156867.6809588392,-0.0026444337750631875,0.0023624566751071206,33.906662585620474,31.13782264089487,0.625
1484,19.84,7,0.7000000000000001,0.29999999999999993,0.2355674828346959,-156909.76051610787,-0.0023359483288537706,0.0026888947202307477,28.438381709886514,35.221294034742606,0.625
1485,19.85,7,0.7000000000000001,0.29999999999999993,0.3104623593526877,-156907.36624292633,-0.0022577908940413878,0.0021692162188241882,29.032935125845537,28.816133383112287,0.625
1486,19.86,8,0.8,0.19999999999999996,0.29005143705478803,-157006.30984706688,-0.0021315433443278714,0.0023049359994248195,26.973180842422224,32.72589654503771,0.625
1487,19.87,6,0.6000000000000001,0.3999999999999999,0.6504121972804424,-156894.97136755905,-0.0026784674075962358,0.002716378123881982,33.455197516952836,36.44829054452643,0.625
1488,19.88,5,0.5,0.5,0.6681613544262065,-156811.97002900718,-0.002350877145611247,0.00258829695129443,29.070716420919116,37.07651371410657,0.625
1489,19.89,4,0.4,0.6,0.489603581146893,-156823.75199064252,-0.0022013710378809533,0.00240744559081458,27.524990949800717,34.422035768501374,0.625
1490,19.9,5,0.5,0.5,0.46442312329907137,-156811.3755067845,-0.0023697809175828657,0.002384167881426117,27.6963806343443,32.618491669437994,0.625
1491,19.91,6,0.6000000000000001,0.3999999999999999,0.3413159957652866,-156897.18835171254,-0.002385444817922983,0.002337440630044168,30.08807148924121,33.040763403075395,0.625
1492,19.92,7,0.7000000000000001,0.29999999999999993,0.17406334592018394,-156917.71253788448,-0.0024423417514878734,0.002529684450602888,31.629514591097802,35.94908057845553,0.625
1493,19.93,7,0.7000000000000001,0.29999999999999993,0.012505411312900214,-156931.8009185845,-0.00244033859596771,0.0025640309655174795,31.24900084023868,37.837661226976095,0.625
1494,19.94,7,0.7000000000000001,0.29999999999999993,0.17117999018939353,-156896.73459480712,-0.0021985072041488573,0.002238340324665459,26.16998818100109,30.88423821592879,0.625
1495,19.95,8,0.8,0.19999999999999996,0.7211194807471412,-156991.34071206237,-0.0021699515993293724,0.0023265144192745235,26.825855980712085,32.64983238476031,0.625
1496,19.96,8,0.8,0.19999999999999996,0.9069678403401704,-157039.62887774306,-0.002386492722738348,0.00246152263053751,29.47246238112681,31.46483812708708,0.625
1497,19.97,9,0.9,0.09999999999999998,0.6774360966390194,-157087.56873050245,-0.0024914052118811363,0.0025344314428009046,32.587131532248364,31.967680713675527,0.625
1498,19.98,9,0.9,0.09999999999999998,0.8726624139255043,-157149.1461933544,-0.002541896621521023,0.0025538121457206763,33.98483310271011,31.914673893685553,0.625
1499,19.99,8,0.8,0.19999999999999996,0.300331049633502,-156960.7382334889,-0.0023277253075651115,0.0024003696707021356,29.308998217447,29.318221680737174,0.625
1500,20.0,9,0.9,0.09999999999999998,0.9685909647786433,-157089.66173334603,-0.002107390386826924,0.0022624795052383784,26.995630654491,30.06800287511681,0.625
1501,20.01,9,0.9,0.09999999999999998,0.9179110470991525,-157138.84140791485,-0.0023824253465869792,0.0023372935729670447,28.883334753535024,32.29359445020992,0.625
1502,20.02,9,0.9,0.09999999999999998,0.7446065370194986,-157146.21582586708,-0.0025103278611548993,0.002563830794846851,31.712513594893423,37.782035730511396,0.625
1503,20.03,9,0.9,0.09999999999999998,0.6621611732100031,-157068.43999760953,-0.0024149877218439977,0.0025104386282551773,30.858128403262977,33.93409444786317,0.625
1504,20.04,9,0.9,0.09999999999999998,0.15091819647990193,-157113.3931219335,-0.002473220768078489,0.002428895501294085,30.42134288404945,30.66079280263538,0.625
1505,20.05,9,0.9,0.09999999999999998,0.5637352611541275,-157067.78217771678,-0.00227771348876626,0.002213719800981312,29.05203262431963,28.126916234181056,0.625
1506,20.06,9,0.9,0.09999999999999998,0.20088898247894468,-157151.6905153084,-0.002150237066611361,0.0025186993024604314,27.480700666177167,32.29800158186779,0.625
1507,20.07,8,0.8,0.19999999999999996,0.9471681081371834,-156923.04278046152,-0.0024188343786448315,0.002875222312672435,30.158007266619745,38.995423894500796,0.625
1508,20.08,8,0.8,0.19999999999999996,0.9623629959236638,-157020.6740974282,-0.0025701472106911816,0.002401459594329993,33.159804821237586,36.33344415856829,0.625
1509,20.09,8,0.8,0.19999999999999996,0.9393823846814257,-156987.97224978716,-0.002461247544079344,0.002377781687611425,29.983041809002728,33.04062323659333,0.625
1510,20.1,8,0.8,0.19999999999999996,0.8731953476309567,-157001.59113350106,-0.0022869173811920834,0.0020373707828236533,29.480552232892183,26.89041159816172,0.625
1511,20.11,6,0.6000000000000001,0.3999999999999999,0.31589590925310784,-156878.44475155624,-0.002080188422413775,0.0024224664415944796,26.33792112003693,32.338690186880946,0.625
1512,20.12,6,0.6000000000000001,0.3999999999999999,0.5700049580826635,-156899.61820840556,-0.002557820210255957,0.0025716159289078952,32.39370704653247,33.88700705878574,0.625
1513,20.13,5,0.5,0.5,0.581093379308919,-156777.94919683438,-0.0025792912693088786,0.0026784639182089176,33.175929525459914,37.267303986845405,0.625
1514,20.14,5,0.5,0.5,0.5184925317304371,-156865.03339340133,-0.0023963856999799135,0.002548473201664496,30.15773339118781,34.84088871825018,0.625
1515,20.15,5,0.5,0.5,0.3560761443534156,-156729.26002514164,-0.0020157995376536364,0.0024667109242105076,24.32985617293259,33.7252558429052,0.625
1516,20.16,5,0.5,0.5,0.23077816569372522,-156949.65879151542,-0.002241218744626747,0.0023805946902487446,27.439018343276103,33.719729060952936,0.625
1517,20.17,3,0.30000000000000004,0.7,0.3318202719420907,-156767.66917240113,-0.0026254831829018127,0.0024036529379549997,31.477782649598545,36.28840805115557,0.625
1518,20.18,2,0.2,0.8,0.8113726934843657,-156848.85741185016,-0.0025706821421441596,0.0022261494588564105,34.42777280970006,35.554590988478985,0.625
1519,20.19,2,0.2,0.8,0.943771420347413,-156719.49970848765,-0.0023536255181175955,0.0025177412235307794,30.025877710448817,36.60319587104836,0.625
1520,20.2,2,0.2,0.8,0.7259859479605952,-156777.96793329561,-0.0021349337962510216,0.0024692745107692884,28.68832956256319,36.807688759807235,0.625
1521,20.21,2,0.2,0.8,0.7802518824493536,-156776.23337861217,-0.00215735488115688,0.0025982711563764457,26.915872811548564,35.71081507497494,0.625
1522,20.22,2,0.2,0.8,0.3482036674227904,-156807.75213652255,-0.0025594839964775047,0.002557585351954369,30.6179620086027,36.09903325737587,0.625
1523,20.23,3,0.30000000000000004,0.7,0.8460181392842552,-156767.92013453133,-0.0026536747018061973,0.002403812536478116,31.40783445752662,35.7342651127079,0.625
1524,20.24,3,0.30000000000000004,0.7,0.5974490497644422,-156832.84685201242,-0.0023715148132439972,0.002380621045031679,29.974116225848842,35.43239729844251,0.625
1525,20.25,2,0.2,0.8,0.06586999782849004,-156708.50378331356,-0.0021403223616571865,0.002554615433540737,26.98951006537341,35.699829001291015,0.625
1526,20.26,3,0.30000000000000004,0.7,0.6590967971704568,-156794.1128718002,-0.002192926430325678,0.0024163344269659084,29.12766378723888,35.89885682196094,0.625
1527,20.27,3,0.30000000000000004,0.7,0.2748011446281337,-156782.08685511473,-0.0024396060095319533,0.002429004009913163,30.14335404874971,34.12424203625222,0.625
1528,20.28,3,0.30000000000000004,0.7,0.47817997053429057,-156831.11848956638,-0.0024330316255364156,0.0025104186947416973,29.638665133642462,37.50031642844845,0.625
1529,20.29,4,0.4,0.6,0.8267591238324412,-156794.84214874948,-0.0025352410248147207,0.0023920732313679445,31.936620244854975,34.48498557493725,0.625
1530,20.3,4,0.4,0.6,0.8505481484884121,-156728.79417938765,-0.002205592298795625,0.0023922836498188145,27.690852484365163,34.402463636217504,0.625
1531,20.31,4,0.4,0.6,0.8071338369197348,-156858.38759273058,-0.002185939769375129,0.002469795525352523,28.364997199262557,36.165154484550385,0.625
1532,20.32,5,0.5,0.5,0.3255478599180326,-156825.4481949552,-0.0025414125481688084,0.00247234260703049,29.648122913964624,32.644163190870294,0.625
1533,20.33,6,0.6000000000000001,0.3999999999999999,0.2900764989379714,-156851.02526698474,-0.0025075444175766525,0.002412104188847888,31.19592501288882,34.897520147659506,0.625
1534,20.34,7,0.7000000000000001,0.29999999999999993,0.3265003913437714,-156876.89905526457,-0.002448927924602044,0.0025489317409881215,29.91803566624538,34.46668255519964,0.625
1535,20.35,6,0.6000000000000001,0.3999999999999999,0.4157803359448306,-156794.75142427644,-0.0022382069320020783,0.0025889725131653255,28.814115359725015,34.694955745190136,0.625
1536,20.36,7,0.7000000000000001,0.29999999999999993,0.4038992395067123,-156969.27743025403,-0.002141448749732328,0.0025003117158906274,27.78806887479671,31.7538374972305,0.625
1537,20.37,6,0.6000000000000001,0.3999999999999999,0.6088320437289201,-156937.6803658478,-0.0023934410940976564,0.0021372940017927436,31.452409292623802,31.418735152942848,0.625
1538,20.38,6,0.6000000000000001,0.3999999999999999,0.5119704345451671,-156772.25553573007,-0.002517447716062023,0.002276792661642215,30.01483611973848,32.03400568603705,0.625
1539,20.39,6,0.6000000000000001,0.3999999999999999,0.2009514725315534,-156793.51008944237,-0.002248762143676555,0.002686355902433258,27.869078497424777,39.55996784489012,0.625
1540,20.4,7,0.7000000000000001,0.29999999999999993,0.4254730912862012,-156899.6996436258,-0.0025103286047622768,0.0025145395378611485,30.44829363481626,35.37011562946775,0.625
1541,20.41,6,0.6000000000000001,0.3999999999999999,0.055439269704187076,-156893.10394142868,-0.002405665433184064,0.0021918790266031527,30.06760068803547,29.787715863828865,0.625
1542,20.42,5,0.5,0.5,0.2833957720290428,-156811.84996898012,-0.0020324647250497107,0.0024204708065927215,26.24262392164486,30.924989155032282,0.625
1543,20.43,6,0.6000000000000001,0.3999999999999999,0.14440175131330582,-156806.28776023444,-0.0024185511954572447,0.002679474067258832,29.578052259135088,33.59524590863344,0.625
1544,20.44,7,0.7000000000000001,0.29999999999999993,0.7078273450688919,-156892.51289804062,-0.002653320176311074,0.0025124987928803882,34.29182878733408,37.44061721383143,0.625
1545,20.45,8,0.8,0.19999999999999996,0.410264575793934,-157013.8548288236,-0.0023998403011986583,0.0022740190985513515,30.593887709831943,33.40488663258751,0.625
1546,20.46,8,0.8,0.19999999999999996,0.7938910238758189,-156981.50351150738,-0.0021932504024208127,0.002400766076179497,27.112268183077386,33.9749213802827,0.625
1547,20.47,8,0.8,0.19999999999999996,0.7894986537758328,-156860.06926330843,-0.002099996660015422,0.002337939422030268,26.439714376669926,31.43299648766739,0.625
1548,20.48,8,0.8,0.19999999999999996,0.6983296837797245,-156892.04235244828,-0.0022918461886295718,0.0024777674095742015,29.428122673903783,33.81166717738773,0.625
1549,20.49,8,0.8,0.19999999999999996,0.5268286962356704,-156961.61891070718,-0.002759583624445617,0.002386881636258091,33.69097509414352,31.908722020152105,0.625
1550,20.5,9,0.9,0.09999999999999998,0.587224474343773,-157012.85254160775,-0.0023683918936996005,0.002547287098598504,30.60695555908687,35.83149987801632,0.625
1551,20.51,9,0.9,0.09999999999999998,0.44175155353361784,-157068.96040336866,-0.0023352925405463786,0.0024729651425256173,29.740274921048282,31.82969530431593,0.625
1552,20.52,8,0.8,0.19999999999999996,0.48974581352622015,-156957.6305799589,-0.0021720511298975475,0.002593447131520916,27.537836880681013,32.55180606054958,0.625
1553,20.53,7,0.7000000000000001,0.29999999999999993,0.7843458094700995,-156868.45818830084,-0.002361854427085789,0.0023590071291341194,30.2286639577976,29.462042088121873,0.625
1554,20.54,7,0.7000000000000001,0.29999999999999993,0.8022535372399778,-156980.67740009,-0.002574817907758112,0.0023373242304806276,31.38838353307676,31.13200927564383,0.625
1555,20.55,5,0.5,0.5,0.19360435604048684,-156770.93098004613,-0.002358538815584154,0.002412910430432132,29.451405495268446,33.87255928165778,0.625
1556,20.56,4,0.4,0.6,0.832325535373634,-156731.5525574617,-0.002250054645031747,0.002408524266806129,28.850206462207545,36.904258217549724,0.625
1557,20.57,4,0.4,0.6,0.5320344606657603,-156791.64217594278,-0.002485964126789055,0.0024955239766736906,30.844939692137878,35.611787528239404,0.625
1558,20.58,4,0.4,0.6,0.6838236756498226,-156861.34363262157,-0.002373432847736518,0.0026139837967814055,29.76070816300368,36.34944714113341,0.625
1559,20.59,3,0.30000000000000004,0.7,0.7651484930379372,-156745.6492917954,-0.0022883268278896538,0.0026576006941187807,26.570982066264143,34.81005483169356,0.625
1560,20.6,2,0.2,0.8,0.8562360249255135,-156889.11653171477,-0.002373072427597201,0.0021498390733327784,28.914550391666534,30.26665552744594,0.625
1561,20.61,2,0.2,0.8,0.7413143411163661,-156788.92052020354,-0.00220640444939444,0.0023392337022296854,28.912238371548494,35.54097468755286,0.625
1562,20.62,1,0.1,0.9,0.8221461150681654,-156848.88419787967,-0.0024278964246461873,0.0025755757250013186,33.30605038085368,41.28540998112603,0.625
1563,20.63,1,0.1,0.9,0.9771757458977084,-156853.58488446055,-0.002448237392758961,0.00251121353023938,31.630564887786164,40.413954135736006,0.625
1564,20.64,2,0.2,0.8,0.4356364228120927,-156883.65432793373,-0.00237825202211241,0.0025235536020123354,29.612558964665368,37.357171530418114,0.625
1565,20.65,3,0.30000000000000004,0.7,0.7510767429607575,-156833.15522622902,-0.0022090653496084234,0.0022832337218045323,26.59110151586484,35.65528689409685,0.625
1566,20.66,3,0.30000000000000004,0.7,0.6147524145854422,-156776.08491921445,-0.0023471951033913266,0.002245590858124831,29.41345076660489,31.84229574164154,0.625
1567,20.67,3,0.30000000000000004,0.7,0.5812517335884603,-156798.7896259243,-0.0024491055476771545,0.0026960396740069933,32.499901368828205,37.97618118429033,0.625
1568,20.68,2,0.2,0.8,0.4750759941218359,-156774.17298643224,-0.002469128230087077,0.00269143182788023,31.540000221624513,36.01636875521182,0.625
1569,20.69,4,0.4,0.6,0.10702642326039045,-156720.48720192144,-0.0023259744885089284,0.0023963651785012764,30.596534415891824,35.34991724709677,0.625
1570,20.7,4,0.4,0.6,0.6319184010554009,-156854.7890274546,-0.0024255289401782353,0.002333894410273065,27.78483670683344,33.30622868999255,0.625
1571,20.71,6,0.6000000000000001,0.3999999999999999,0.254531119555599,-156754.4980085873,-0.002324829795933445,0.0025318613711416893,27.098004781435318,36.54855736288388,0.625
1572,20.72,6,0.6000000000000001,0.3999999999999999,0.10788708570796884,-156794.80655182202,-0.0021395427651918052,0.002449918749448673,26.825302806428635,35.914320359348906,0.625
1573,20.73,5,0.5,0.5,0.8174902093084453,-156821.4846456436,-0.00255345452553836,0.0022577302541131813,34.73451047292676,32.85193002339613,0.625
1574,20.74,5,0.5,0.5,0.33620130959633215,-156739.15138175656,-0.0024577038998692138,0.0023439895492487384,31.457471604852834,32.73816734612028,0.625
1575,20.75,7,0.7000000000000001,0.29999999999999993,0.315384125753192,-156885.46560088304,-0.002305733915170728,0.0026049338158198464,28.311770365345687,34.42296185879721,0.625
1576,20.76,7,0.7000000000000001,0.29999999999999993,0.3660406240925405,-156784.49014902124,-0.002336825806641013,0.002502711760576354,27.3353274948953,33.73487449523546,0.625
1577,20.77,8,0.8,0.19999999999999996,0.14297171589868804,-156936.7937848091,-0.0023672464194031207,0.00227445688257032,30.59443857510804,31.560405827859373,0.625
1578,20.78,7,0.7000000000000001,0.29999999999999993,0.6453180701034738,-156846.01398761704,-0.0023565974652130267,0.0023417324809020487,31.26808407568749,30.8779035732972,0.625
1579,20.79,7,0.7000000000000001,0.29999999999999993,0.5172865934908041,-156875.1248724175,-0.0023882412980001065,0.002734628000840216,29.738367497481537,33.52606922338111,0.625
1580,20.8,9,0.9,0.09999999999999998,0.05518001874528846,-157014.36946471012,-0.002265402216085119,0.002449039248955527,29.380476075399162,32.72961689404539,0.625
1581,20.81,8,0.8,0.19999999999999996,0.6148335550204561,-156976.56995064954,-0.0025572656109923483,0.002233244083901192,30.738509860010062,30.585493258942908,0.625
1582,20.82,8,0.8,0.19999999999999996,0.43535449212244404,-156921.7634528022,-0.0023958276965704533,0.002480593987372606,31.465156675112574,32.725438982077065,0.625
1583,20.83,8,0.8,0.19999999999999996,0.3437170801446925,-156936.17748622308,-0.0019612358632745642,0.0025450300235872816,26.641422615770317,35.16475727239046,0.625
1584,20.84,9,0.9,0.09999999999999998,0.9396714128259729,-157074.78500857277,-0.002608678015387049,0.0023852161516958524,32.81777144092715,30.995849355053764,0.625
1585,20.85,9,0.9,0.09999999999999998,0.9276486029951339,-157100.41076377436,-0.0024361130525963857,0.002550174904369258,30.425887559957765,35.556625404443515,0.625
1586,20.86,9,0.9,0.09999999999999998,0.2990778199220895,-157064.8619468798,-0.0024214978668425833,0.002347513978899767,31.156932893923017,33.11721373300928,0.625
1587,20.87,9,0.9,0.09999999999999998,0.4950731273516047,-157053.41640785994,-0.0022034456651691178,0.0026114046915566885,26.370227428788475,34.279062966142995,0.625
1588,20.88,10,1.0,0.0,0.9959134352030259,-157291.53337572183,-0.002030399104419574,0.00238523922115087,28.29005271427212,34.2533307585376,0.625
1589,20.89,10,1.0,0.0,0.9996136729093411,-157328.43672329182,-0.002763447222748278,0.002643125612530125,31.544260073695007,33.59660612271845,0.625
1590,20.9,10,1.0,0.0,0.9998134927244603,-157370.15737589786,-0.002460435639125831,0.0023604129970114735,32.60555011962461,31.307389142486127,0.625
1591,20.91,10,1.0,0.0,0.9999335591569566,-157373.68857494066,-0.0020763005623681825,0.002596784052962453,26.618148427371246,30.357285630006388,0.625
1592,20.92,10,1.0,0.0,0.9999936845173213,-157256.07667831975,-0.0025691325021159916,0.002667021012813054,33.609899720660295,33.032938882083975,0.625
1593,20.93,10,1.0,0.0,0.9998745081705425,-157260.11594233263,-0.0023542855369566517,0.0022769158673805303,31.292459742392296,30.59978270375079,0.625
1594,20.94,10,1.0,0.0,0.9999079556578241,-157328.44673924227,-0.0024214489711091277,0.0025914678026892784,30.624766406036677,37.34981258239216,0.625
1595,20.95,10,1.0,0.0,0.9999998103147498,-157217.94790205802,-0.0027789735737317003,0.002685593437028674,32.13882146791131,34.6663061415397,0.625
1596,20.96,10,1.0,0.0,0.9999997076487397,-157350.85828747854,-0.0019559335238902463,0.0023341727894625524,27.627484192658873,34.67344277974775,0.625
1597,20.97,10,1.0,0.0,0.999999983882828,-157226.3329900392,-0.002290040648787046,0.0025307668055309044,26.673045137136846,31.099509768934283,0.625
1598,20.98,10,1.0,0.0,0.9999986715605621,-157372.88226490226,-0.0024622259992019492,0.002645652390014919,31.59774115728662,36.42279456878905,0.625
1599,20.99,10,1.0,0.0,0.999782057712922,-157229.4165879669,-0.00233513139752871,0.0025961398166116745,29.6735303921351,36.59852294148061,0.625
1600,21.0,10,1.0,0.0,0.843662161517075,-157342.53308576765,-0.0028851071893081183,0.0025492065755499116,36.123026137759126,33.955537892478176,0.625
1601,21.01,10,1.0,0.0,0.9988684408690226,-157356.87670059403,-0.002157270250018958,0.002548127020005785,28.851507163671112,35.79649969621018,0.625
1602,21.02,10,1.0,0.0,0.9994850925864458,-157330.1809064999,-0.0022141064260052506,0.0027180514782118577,27.895700030794142,33.77006464881029,0.625
1603,21.03,10,1.0,0.0,0.9157666090905312,-157388.32832732922,-0.0023562632064828438,0.0024541754599677747,29.299891543383325,33.22033937744306,0.625
1604,21.04,10,1.0,0.0,0.9138856577658627,-157276.23078529132,-0.0023705582141889292,0.002313444422965039,31.414733098231043,32.38383189076368,0.625
1605,21.05,10,1.0,0.0,0.965060977850262,-157317.681914401,-0.0026374728871022637,0.00286224696255876,32.649923186475256,39.58227413967569,0.625
1606,21.06,10,1.0,0.0,0.9716307650141222,-157306.78151301577,-0.00237900940688596,0.002579617160648077,30.24160457407193,34.18108950264875,0.625
1607,21.07,10,1.0,0.0,0.9320508304924685,-157210.49670946356,-0.002029158829388172,0.002508324530843255,27.335798930567563,35.260252828129325,0.625
1608,21.08,10,1.0,0.0,0.9987035268339111,-157414.65102068929,-0.0026300244237953737,0.0026161241341110058,30.779785214970794,31.740364124717438,0.625
1609,21.09,10,1.0,0.0,0.9992657354423429,-157265.72503388388,-0.0022496570785851414,0.0024538860269892313,30.151796835521154,33.38189859214521,0.625
1610,21.1,10,1.0,0.0,0.9897766942117223,-157251.3823787742,-0.002398308876670862,0.0024719218501860025,31.04429015867943,32.80899912223089,0.625
1611,21.11,10,1.0,0.0,0.9980203473120489,-157291.9858720998,-0.0026403542056959925,0.0025724321620554094,32.9386567275317,33.53575892537686,0.625
1612,21.12,10,1.0,0.0,0.9982319417511961,-157346.87917100033,-0.002135995884062709,0.0024408841973123556,27.775502599856285,32.679053101459864,0.625
1613,21.13,10,1.0,0.0,0.8764947759676649,-157229.14752616582,-0.0022632199938769563,0.0025002490891380662,29.120098796792476,32.929328412372215,0.625
1614,21.14,10,1.0,0.0,0.6661120280122236,-157337.26108479023,-0.002387431699523645,0.002537690778808568,29.14723669440196,35.17599074582761,0.625
1615,21.15,9,0.9,0.09999999999999998,0.9506005195281901,-156983.69739095165,-0.0023087237717452367,0.002552699904457853,30.38197748243926,35.45092200494277,0.625
1616,21.16,9,0.9,0.09999999999999998,0.9998266802970528,-157149.4524999558,-0.002539267399761695,0.0025375415781291235,31.20859613475123,33.45050405626779,0.625
1617,21.17,9,0.9,0.09999999999999998,0.9532234826664584,-157022.46613803864,-0.002304572708100397,0.002181292442428931,31.17615759426497,30.983470416617905,0.625
1618,21.18,9,0.9,0.09999999999999998,0.8607332733794864,-157028.09694415488,-0.00262695857511535,0.0024605298773875306,33.55603771297354,29.490964208468203,0.625
1619,21.19,9,0.9,0.09999999999999998,0.5773875903345647,-157015.76201134216,-0.002195088400235931,0.00263715766386795,26.75992379748966,33.231716383520954,0.625
1620,21.2,9,0.9,0.09999999999999998,0.48078680765273923,-157121.9766992959,-0.0022351158315849825,0.002279625326374359,30.105730828065226,30.901267056645356,0.625
1621,21.21,9,0.9,0.09999999999999998,0.723239456070534,-156913.68486495726,-0.0026521419966119664,0.002516994103205021,33.057279528997874,34.49548853645388,0.625
1622,21.22,8,0.8,0.19999999999999996,0.919141871683276,-156870.08467075965,-0.002302825322397466,0.002489797263346917,28.925999453107277,33.62278129438597,0.625
1623,21.23,7,0.7000000000000001,0.29999999999999993,0.4002094965080519,-156903.38221362748,-0.002102179945973653,0.002474675591035422,26.65295984932058,32.54259748289392,0.625
1624,21.24,7,0.7000000000000001,0.29999999999999993,0.4732449945351517,-156858.74825681082,-0.002525362194245124,0.0024096273421783296,30.656621562625592,31.502564451665975,0.625
1625,21.25,7,0.7000000000000001,0.29999999999999993,0.0344726011516578,-156987.77598335966,-0.002375128517726479,0.0024061831303788988,30.467853428338614,35.50737993843681,0.625
1626,21.26,6,0.6000000000000001,0.3999999999999999,0.2620810518297627,-156773.44099465714,-0.00248403400091381,0.002574205121092721,32.24003350434117,35.51303185879645,0.625
1627,21.27,7,0.7000000000000001,0.29999999999999993,0.19572591960767247,-156896.89129838158,-0.002334054443889876,0.002484738154716607,28.66275346056613,32.889250003268494,0.625
1628,21.28,8,0.8,0.19999999999999996,0.5824347787380286,-156945.62433356195,-0.002192511594790427,0.0022206986078488135,28.206874761241913,31.514819321461474,0.625
1629,21.29,5,0.5,0.5,0.3393171403481134,-156729.42533274638,-0.002536509613179636,0.0023770855848366523,31.300316197420567,32.120486273004275,0.625
1630,21.3,4,0.4,0.6,0.7133439136894203,-156842.70729978237,-0.002236767777576317,0.0026121481174649,28.250561359364205,35.491839521678386,0.625
1631,21.31,3,0.30000000000000004,0.7,0.6539655788806058,-156811.79808301444,-0.002269689534433644,0.0027238060082894946,28.328091225528024,39.61974869391,0.625
1632,21.32,4,0.4,0.6,0.6399354584546654,-156804.87610092145,-0.0027278832615616876,0.0021855569565370383,31.975501569910957,32.866701968585375,0.625
1633,21.33,4,0.4,0.6,0.2380261011311102,-156878.49232213464,-0.0023037661245313827,0.002160290401312018,30.377533600185135,33.07452851242136,0.625
1634,21.34,5,0.5,0.5,0.737927441808255,-156709.89632258375,-0.0023062201021520306,0.002833427333092147,28.97383088221336,36.89676836599942,0.625
1635,21.35,6,0.6000000000000001,0.3999999999999999,0.284071784189691,-156839.12099842305,-0.002459959030713026,0.0025858994929919108,31.750279199813416,33.2432984421258,0.625
1636,21.36,5,0.5,0.5,0.44956532967128676,-156830.662921206,-0.002248980284353553,0.0020585142751595037,29.32403935902047,31.558134406032686,0.625
1637,21.37,5,0.5,0.5,0.5233926474346278,-156839.7659158042,-0.00233493424032762,0.0025530532993911933,26.251717162876773,35.89802575750269,0.625
1638,21.38,4,0.4,0.6,0.5292677176076254,-156757.36995881767,-0.0022481855549454964,0.002570957912600622,28.098644619445405,37.70022430959575,0.625
1639,21.39,3,0.30000000000000004,0.7,0.5705098292506895,-156780.62546303042,-0.002447786202291521,0.0023746468494457635,30.812036175596013,33.94562953422776,0.625
1640,21.4,3,0.30000000000000004,0.7,0.6742607663552574,-156825.3329138513,-0.002732619558173302,0.0023978822151011344,35.40869414637276,33.47479532975855,0.625
1641,21.41,2,0.2,0.8,0.28238904056631076,-156823.57929698366,-0.0022609666410158854,0.002631654467538971,28.56628053243333,36.098612515356585,0.625
1642,21.42,3,0.30000000000000004,0.7,0.06560691944371269,-156842.4004671097,-0.0022620857335187406,0.0026017145383804624,28.27822118575256,37.07659116551555,0.625
1643,21.43,2,0.2,0.8,0.4541243686798446,-156780.09234124297,-0.002338431646604194,0.0023795888425350237,28.558728686081068,38.52252274746131,0.625
1644,21.44,1,0.1,0.9,0.8337481780540033,-156793.15225472028,-0.0025362615496567742,0.002283370645219546,31.81593188830967,35.10027856997731,0.625
1645,21.45,1,0.1,0.9,0.994052902892141,-156871.65430294813,-0.0022211333787418765,0.0023082153273758644,29.76216339874835,35.17946994866885,0.625
1646,21.46,1,0.1,0.9,0.7339612881996068,-156859.98805493055,-0.0025076307493521587,0.002666636224019035,32.11710690904449,36.78065887328395,0.625
1647,21.47,2,0.2,0.8,0.48244597356932256,-156767.96666770958,-0.00232878996992622,0.0024321067323212053,30.838866891871593,35.98076649634395,0.625
1648,21.48,2,0.2,0.8,0.6993426969748165,-156862.1035949063,-0.0022310812639247026,0.002522069901727121,27.145499047820955,39.18953535848496,0.625
1649,21.49,2,0.2,0.8,0.3993428887127225,-156764.31975263215,-0.0024168378744214344,0.0023332079799593423,28.959425032686188,36.048884714836966,0.625
1650,21.5,2,0.2,0.8,0.23869913360327777,-156779.6578719644,-0.002101102866717057,0.0024210285415943392,25.85091029599165,37.94541571355039,0.625
1651,21.51,3,0.30000000000000004,0.7,0.7776206387708529,-156730.499705148,-0.002569954171606258,0.002444276646961456,32.760044610059936,33.00884320662129,0.625
1652,21.52,3,0.30000000000000004,0.7,0.6444363616562974,-156839.10895006472,-0.0024140398846505544,0.0025935856017848167,31.60990207608499,37.24090716647876,0.625
1653,21.53,4,0.4,0.6,0.7606932179626216,-156803.95419556508,-0.002570716072669041,0.002574938939269607,32.08602355647321,34.60763936284255,0.625
1654,21.54,5,0.5,0.5,0.5694870605142351,-156794.21599628474,-0.0023739328562388164,0.00241709091845787,28.730392893207604,34.19342060555574,0.625
1655,21.55,4,0.4,0.6,0.21056168433476016,-156834.27494951227,-0.0023182903212919073,0.002254222314987478,28.72896775971996,32.53325336105217,0.625
1656,21.56,3,0.30000000000000004,0.7,0.037464574577480515,-156781.81272082982,-0.002594112714320597,0.002414670644674493,31.569473558815073,33.570770676543326,0.625
1657,21.57,2,0.2,0.8,0.2583584737787719,-156768.39189213878,-0.0025278902805441366,0.0024986860018262665,33.74121777627878,36.50293782548116,0.625
1658,21.58,2,0.2,0.8,0.36667001071869765,-156825.62442353097,-0.002203565601286849,0.0026043002009146893,28.6716173778214,36.078728831508684,0.625
1659,21.59,1,0.1,0.9,0.8681921784169623,-156805.30572954245,-0.0021594046948132887,0.0026353138105109676,26.675079468240515,38.93217845732003,0.625
1660,21.6,1,0.1,0.9,0.9974122210343568,-157008.85409477272,-0.00243707660148895,0.0024013091196229464,28.46951790560532,37.57189372874468,0.625
1661,21.61,1,0.1,0.9,0.9983384123082357,-156728.71265294382,-0.002367922471475952,0.0021074541827778483,28.839363396708396,35.17760067604119,0.625
1662,21.62,1,0.1,0.9,0.9988834158839843,-156894.49673637134,-0.0024243117070425688,0.002534169973645665,30.826432785998385,38.909071579704275,0.625
1663,21.63,1,0.1,0.9,0.9907971684459768,-156840.1546207961,-0.002203539838968131,0.0026312928416336806,31.859912247685237,38.375826331409286,0.625
1664,21.64,0,0.0,1.0,0.5076218028171304,-157046.7358867092,-0.0021900460763083305,0.0025469283496689665,30.150929471738202,36.17460118941954,0.625
1665,21.65,0,0.0,1.0,0.999986949535453,-157055.0150546074,-0.002576557212442915,0.0022490362254228877,34.17250393130859,34.099412862919074,0.625
1666,21.66,0,0.0,1.0,0.9991132212232762,-156951.84020926149,-0.00240046583335286,0.0021347044100803038,30.4633384752358,31.69729314558577,0.625
1667,21.67,0,0.0,1.0,0.9888024123241591,-157025.14430820622,-0.002195963528268574,0.002601918877480309,27.225858531055614,37.937271504589305,0.625
1668,21.68,0,0.0,1.0,0.9716057566036289,-157029.9698781154,-0.0023488222118441854,0.0025986594803719966,27.634263574527928,39.51521711433893,0.625
1669,21.69,0,0.0,1.0,0.9843689740858496,-156991.1629245654,-0.0026065161633252515,0.0022890631464667424,31.336483871004127,37.62259900904675,0.625
1670,21.7,0,0.0,1.0,0.9926042064934544,-156980.88593142395,-0.0025031422232959745,0.0025717310557871902,31.595251299209526,38.79855078921,0.625
1671,21.71,0,0.0,1.0,0.9285371763950696,-156946.15353339934,-0.002227455522973325,0.002630943918414542,30.55797534675121,36.531253705558086,0.625
1672,21.72,0,0.0,1.0,0.9995786449395327,-157004.9014818907,-0.002363794609541718,0.0023896529816168645,32.802601480138584,33.09282528166368,0.625
1673,21.73,0,0.0,1.0,0.9995974203848904,-157043.7568982271,-0.0025354034684087045,0.002202239154819699,34.617544397830606,35.38152075685194,0.625
1674,21.74,0,0.0,1.0,0.999997578726782,-157040.90112003716,-0.002483774988653318,0.0023943310099165723,32.60982456267973,36.49542757653296,0.625
1675,21.75,0,0.0,1.0,0.9999998661446793,-157115.7323856972,-0.002458661410961764,0.0027261717465693266,32.153961199519934,38.39244490089967,0.625
1676,21.76,0,0.0,1.0,0.9999996873542465,-157064.1900228985,-0.002379756431903123,0.002608648340865034,29.777803822692,37.75973030528746,0.625
1677,21.77,0,0.0,1.0,0.9999944873335957,-157004.01824185599,-0.002728177491076502,0.0021328722290135027,36.66406377593512,33.301578748404985,0.625
1678,21.78,0,0.0,1.0,0.9999995166873075,-156968.4358393453,-0.002806139358247807,0.0023592040096572374,36.57458243554577,35.9020874458828,0.625
1679,21.79,0,0.0,1.0,0.999999988456098,-157104.37455524522,-0.0025543762456096924,0.0028079947178797806,35.59828786232808,40.22095243920946,0.625
1680,21.8,0,0.0,1.0,0.9999999963711168,-157011.23258092935,-0.0024524925314998963,0.0027209216101522415,32.02919601117292,36.56265137942678,0.625
1681,21.81,0,0.0,1.0,0.999999792341826,-157027.14422985623,-0.0027107069624039445,0.0023043913141610095,34.37883888576335,32.93544616543275,0.625
1682,21.82,0,0.0,1.0,0.9999988601836853,-157063.61626225364,-0.0026907737381608563,0.0020855148845330585,36.61022139191771,31.68743450650409,0.625
1683,21.83,0,0.0,1.0,0.9999967683055793,-156968.18951971811,-0.0024840540034183098,0.0026096407995052024,32.888506914160374,37.60934949843703,0.625
1684,21.84,0,0.0,1.0,0.9999935730492516,-156899.77352320022,-0.0025379843169740213,0.0028851601512006426,36.93936741602402,42.837682609779115,0.625
1685,21.85,0,0.0,1.0,0.9998479787513068,-156999.07171536685,-0.0026727614020590346,0.002173755807898318,36.494969809248055,33.25503452254299,0.625
1686,21.86,0,0.0,1.0,0.9999914288599522,-156979.81676276948,-0.002668851982072398,0.0021545375542080403,36.951721640078354,34.639228482604665,0.625
1687,21.87,0,0.0,1.0,0.9995502008944138,-156952.69808462684,-0.0026069109104206057,0.0026238624330771534,33.66383839960432,37.22075657112653,0.625
1688,21.88,0,0.0,1.0,0.9939465379429674,-156957.22557883753,-0.002528137015262786,0.002739566428619838,31.89628927644735,39.30476210967714,0.625
1689,21.89,0,0.0,1.0,0.9999036343856241,-157074.71695295526,-0.0026418322113934125,0.0023931780621220013,34.768418865676345,35.015731088353135,0.625
1690,21.9,0,0.0,1.0,0.8352039945730297,-157110.37806637777,-0.002448458125724722,0.0023854621422187265,32.105080900424745,35.83923436764827,0.625
1691,21.91,0,0.0,1.0,0.9999537252697092,-156918.17935108472,-0.002534577412648096,0.0024043965632934974,35.7440407846211,34.143969022560086,0.625
1692,21.92,0,0.0,1.0,0.9964572513998391,-157051.46375773533,-0.002289505130736529,0.002525039539135182,29.869627345882147,36.5658185424803,0.625
1693,21.93,0,0.0,1.0,0.9905866242569842,-157097.94536394847,-0.002534990223079573,0.0025369353720820138,32.40324622858942,37.442576942202294,0.625
1694,21.94,0,0.0,1.0,0.2566538256843017,-156923.5318144107,-0.0025749033857253626,0.002470051396133449,31.63980129683092,35.70442385787238,0.625
1695,21.95,1,0.1,0.9,0.9206760083036502,-156823.7809813873,-0.0024757976425695874,0.0023133656242829963,31.28624761332747,34.245731478418236,0.625
1696,21.96,1,0.1,0.9,0.9998620806429174,-156877.38766123756,-0.0022336068512937924,0.0025916876692432065,27.264592290044483,38.16967491258313,0.625
1697,21.97,1,0.1,0.9,0.9998969896711544,-156725.69000058348,-0.0023424871667622215,0.0024530071564760818,31.009105057195853,39.3003071632696,0.625
1698,21.98,1,0.1,0.9,0.8934038386719778,-156832.48396899825,-0.00236165803651877,0.002501878684682503,30.115064199923513,38.063995015929834,0.625
1699,21.99,2,0.2,0.8,0.48855740891580557,-156735.20096556033,-0.0021768104196058687,0.002386428516525527,30.57763724552098,36.998314458222126,0.625
1700,22.0,1,0.1,0.9,0.30262403610196686,-156771.54740367678,-0.0021047603183106363,0.0024597426725811245,29.35920438613657,34.66103761402404,0.625
1701,22.01,1,0.1,0.9,0.9204204093425267,-156744.85395812528,-0.0022962347592147695,0.002378236315525893,30.503757292811137,34.81288149969653,0.625
1702,22.02,1,0.1,0.9,0.7388245170217684,-156778.5019749361,-0.002537020317487955,0.002272728362492892,32.60655615700501,35.454461698294125,0.625
1703,22.03,1,0.1,0.9,0.7600102536851913,-156813.23371740783,-0.0023580294605740917,0.0023919292323852813,31.40217219790844,42.23687139690513,0.625
1704,22.04,1,0.1,0.9,0.9995039993886019,-156784.12370761763,-0.0023392340958096293,0.002688408701505609,29.14625991334818,42.24817840440634,0.625
1705,22.05,1,0.1,0.9,0.9979834312643122,-156846.46388645045,-0.0022882626957877183,0.0023931317360635124,30.606156488140766,35.916276355207756,0.625
1706,22.06,1,0.1,0.9,0.9990635773209384,-156840.72605246824,-0.002451759724688963,0.0023843048140369666,32.09547195366096,32.83216476754458,0.625
1707,22.07,1,0.1,0.9,0.9996110058064326,-156729.54491677936,-0.0024677168561648196,0.002634179210045844,31.314850838382736,35.71200974579483,0.625
1708,22.08,1,0.1,0.9,0.99605858211928,-156783.15599073717,-0.002325465861704558,0.0025868821412792535,30.343076464553224,40.842390255214184,0.625
1709,22.09,1,0.1,0.9,0.9913309112553943,-156676.01195137177,-0.002768748626711556,0.002458519482157783,33.66753762406205,39.19583950498095,0.625
1710,22.1,1,0.1,0.9,0.9948624258195705,-156802.9750783862,-0.0022164580000841607,0.0023112929156373,28.059357241041464,37.673555317338185,0.625
1711,22.11,0,0.0,1.0,0.02891129485042598,-157099.81389679798,-0.0022904447254377285,0.002594106997544822,29.689432170251145,39.024130971288,0.625
1712,22.12,2,0.2,0.8,0.012073169589888234,-156584.54726104863,-0.002611362051381279,0.0025762837052129032,32.50645023869786,36.09365697677836,0.625
1713,22.13,2,0.2,0.8,0.8803809930456001,-156887.9711953092,-0.002399076549050742,0.0021408662978662633,32.97700193430894,33.38558844111484,0.625
1714,22.14,2,0.2,0.8,0.6854528167380178,-156654.5064898933,-0.002338298802833049,0.0025487349854568463,30.992599711604676,35.93372129874204,0.625
1715,22.15,3,0.30000000000000004,0.7,0.753471379791028,-156751.9221376307,-0.002123541484723867,0.00263296768068739,28.90588055106914,37.83913487255811,0.625
1716,22.16,3,0.30000000000000004,0.7,0.7323024151846719,-156694.8174425501,-0.0021580457784523928,0.0024224103420453884,29.141754644085015,36.59393972179215,0.625
1717,22.17,2,0.2,0.8,0.8493638119541211,-156730.83648483118,-0.0025706716630506414,0.0022944105000183256,32.391026376595256,34.229195029174036,0.625
1718,22.18,2,0.2,0.8,0.8224226706784593,-156786.19481437615,-0.0024824809260628198,0.002412985545463316,32.31944900136162,35.75156230646907,0.625
1719,22.19,2,0.2,0.8,0.8124040139620454,-156711.15487147527,-0.0021010023789086595,0.002611866677626679,28.47295542686772,35.95468600307342,0.625
1720,22.2,1,0.1,0.9,0.20734118851669162,-156752.74917061746,-0.0021994047016985134,0.002644554767795365,29.196934541031865,38.351155186575895,0.625
1721,22.21,1,0.1,0.9,0.8290448733145778,-156839.88190193663,-0.00261089488351627,0.0020640805212204225,34.50333019543892,29.933076481044033,0.625
1722,22.22,1,0.1,0.9,0.8908049293229606,-156823.0336785331,-0.0024150012021703533,0.0025387771947726237,30.671046911861055,41.425964231798396,0.625
1723,22.23,1,0.1,0.9,0.9901881954274693,-156805.77592424303,-0.0024888843429223674,0.002653766409927658,29.450782586084106,38.26114594749348,0.625
1724,22.24,1,0.1,0.9,0.9442356849671737,-156755.61591969198,-0.0019038030357230841,0.002461543124656694,25.24588882362253,42.90561295608214,0.625
1725,22.25,1,0.1,0.9,0.9012037735905718,-156773.6742773615,-0.002457729517850968,0.002400781261552156,30.589060696712853,35.839611722188174,0.625
1726,22.26,1,0.1,0.9,0.8177641014264003,-156821.52618202966,-0.0021924863346880355,0.002410520359325303,29.625677933341464,36.22183510380432,0.625
1727,22.27,1,0.1,0.9,0.5431803785330449,-156750.09398683105,-0.0021725355402057154,0.002446535131594043,31.41199218041549,35.76940685326317,0.625
1728,22.28,2,0.2,0.8,0.9086564806928186,-156743.23399009812,-0.0027418972090687836,0.0024330245603075215,35.43657967300311,35.13077934574763,0.625
1729,22.29,3,0.30000000000000004,0.7,0.6632289023080058,-156723.9669171287,-0.0023536851974638104,0.0022390163125798296,32.32178973851237,36.27656828213064,0.625
1730,22.3,3,0.30000000000000004,0.7,0.5532952297312852,-156649.3103964745,-0.002211765876279169,0.0025570741526627252,30.03826819944596,36.6046452410157,0.625
1731,22.31,4,0.4,0.6,0.3734875695112424,-156663.25045942693,-0.002163339199580315,0.0026684274019374856,28.581077356888926,37.95438790710641,0.625
1732,22.32,4,0.4,0.6,0.8271190698237402,-156777.50890575896,-0.0022705712447858867,0.0025419365577053605,28.409003004423173,35.27733426986268,0.625
1733,22.33,3,0.30000000000000004,0.7,0.6572949207900662,-156634.9658203944,-0.002654263376061567,0.002206695078686869,32.82474450808577,30.650159858355078,0.625
1734,22.34,3,0.30000000000000004,0.7,0.6947453382254741,-156773.93114812166,-0.0024101474875850475,0.0024035253735117034,33.20715214457986,33.475758455264,0.625
1735,22.35,3,0.30000000000000004,0.7,0.5275551119917874,-156672.26812660292,-0.0020623769655018455,0.0027817830520980753,27.48554224804219,37.177007270391634,0.625
1736,22.36,2,0.2,0.8,0.9599596590337921,-156800.34568432742,-0.00228941414146417,0.0022862721334954324,30.12154192488879,34.72664565568394,0.625
1737,22.37,2,0.2,0.8,0.9775564383910422,-156741.41973455474,-0.002582089653891756,0.0022715782964166575,32.92378293994622,35.844255484711205,0.625
1738,22.38,2,0.2,0.8,0.8736774162316913,-156758.24127681332,-0.0024338531490707615,0.0025734076603455306,33.202520721841445,38.611211643994174,0.625
1739,22.39,2,0.2,0.8,0.8574067359882678,-156766.2769013711,-0.0019575513186429324,0.002667630232295771,27.241679646713028,38.55759213692968,0.625
1740,22.4,2,0.2,0.8,0.8299872121270073,-156693.06133586552,-0.002220011038790415,0.002242631987593239,31.188598078260352,34.73704237109701,0.625
1741,22.41,3,0.30000000000000004,0.7,0.6498969114393777,-156799.09486714774,-0.0025385146518306662,0.002316611757728373,30.768301238316933,36.37372575600055,0.625
1742,22.42,3,0.30000000000000004,0.7,0.516708361863679,-156663.97137731448,-0.002324680041092076,0.0023443585736896834,29.585520353603012,34.72495054961424,0.625
1743,22.43,4,0.4,0.6,0.6319019489227112,-156672.78589235927,-0.0021602950376522784,0.002631494452494632,29.196409882369398,36.70277552490062,0.625
1744,22.44,5,0.5,0.5,0.6708983432592809,-156759.7627350708,-0.0024215537679682445,0.002515144675148128,32.575756455601585,34.199643214921856,0.625
1745,22.45,5,0.5,0.5,0.5778320939761429,-156637.45533235124,-0.0023512424928826634,0.002390732283572777,32.92962052080967,33.09260001476345,0.625
1746,22.46,5,0.5,0.5,0.4738541117404381,-156679.6316742558,-0.0024293009806618067,0.002566269750181957,32.051556464839784,34.68589255575585,0.625
1747,22.47,6,0.6000000000000001,0.3999999999999999,0.2796758556831766,-156730.5853085332,-0.002255166103566049,0.0025921731335870873,28.064357245016463,36.02452873659247,0.625
1748,22.48,5,0.5,0.5,0.3559121578274546,-156671.4928195799,-0.002155257390925301,0.0020759064413331456,30.764494499493107,30.106972407381775,0.625
1749,22.49,6,0.6000000000000001,0.3999999999999999,0.5655989005002341,-156674.6169303013,-0.00234841580640182,0.0024517861582614535,32.68302713632327,33.926016083389385,0.625
1750,22.5,6,0.6000000000000001,0.3999999999999999,0.6719373974858867,-156771.20431783184,-0.0023424552394531234,0.0025267301756256525,32.80057054301542,36.13259860503079,0.3125
1751,22.51,4,0.4,0.6,0.6653555996470389,-156691.9329356626,-0.002015393057430003,0.0022435085908086025,27.219844612541408,33.921061728929836,0.3125
1752,22.52,4,0.4,0.6,0.5828077771219284,-156704.09893053275,-0.00247558274451678,0.0024029535466007904,31.37216436806181,35.43584696201846,0.3125
1753,22.53,4,0.4,0.6,0.8791241896495258,-156679.8136694972,-0.00237158813537808,0.0025182633251145292,30.244881774350375,37.83085101380717,0.3125
1754,22.54,4,0.4,0.6,0.6878756398089275,-156715.86054953386,-0.002091188357866921,0.0025195134641944252,28.637843419826208,34.75710557108252,0.3125
1755,22.55,3,0.30000000000000004,0.7,0.32923537160284916,-156728.63578938536,-0.0023592403274518073,0.002661253846344168,30.992130798761423,34.06988577156287,0.3125
1756,22.56,4,0.4,0.6,0.6897469853004448,-156774.62082088276,-0.0023314160271125078,0.0023129928693393347,32.21503024311258,33.10861016864577,0.3125
1757,22.57,4,0.4,0.6,0.713365456072448,-156761.84670084657,-0.0023034614622245175,0.002434160197351225,29.916951608007956,34.795070328233514,0.3125
1758,22.58,5,0.5,0.5,0.49598553758343766,-156739.46447439978,-0.0022829631440742736,0.0025796579386644395,30.21142846104289,39.46232054743533,0.3125
1759,22.59,5,0.5,0.5,0.46178267569449116,-156694.5314818387,-0.0024187019908838525,0.0023651063118661424,32.573264559711845,35.99172570751009,0.3125
1760,22.6,5,0.5,0.5,0.4040465348352684,-156781.1927867153,-0.002328095583233695,0.0021625222278388806,32.06200503612352,30.258490389103454,0.3125
1761,22.61,5,0.5,0.5,0.041157531155497244,-156659.1100703451,-0.002121411140416452,0.002538759241355933,30.285260636555364,33.975024716773014,0.3125
1762,22.62,6,0.6000000000000001,0.3999999999999999,0.5739674647149656,-156748.4646259758,-0.0024559594152409932,0.0025969443924804725,30.8555247050715,32.197504917374225,0.3125
1763,22.63,6,0.6000000000000001,0.3999999999999999,0.36986143218891177,-156812.6107692399,-0.002370655728306466,0.0022500675222962754,32.828198976673214,32.84791315923805,0.3125
1764,22.64,4,0.4,0.6,0.6814254003497281,-156641.51309295322,-0.002262671950472187,0.0024508947403540852,30.431564811534752,36.02172931698084,0.3125
1765,22.65,4,0.4,0.6,0.7608137319586895,-156688.91960894462,-0.002204935238631697,0.0028224171861910134,27.718907841636426,38.49110846386497,0.3125
1766,22.66,4,0.4,0.6,0.6931724072424486,-156735.77607970318,-0.0021652430965940685,0.002454156296197422,29.76825363674304,36.496483530857276,0.3125
1767,22.67,4,0.4,0.6,0.470045713222992,-156578.5018338084,-0.0025438050082766546,0.0023593317626701663,33.16386207068724,35.26778962562172,0.3125
1768,22.68,3,0.30000000000000004,0.7,0.7583320228764328,-156676.0007309209,-0.0024507617276009696,0.002220206437299579,33.09196963684465,31.56814195609623,0.3125
1769,22.69,3,0.30000000000000004,0.7,0.7637078373161786,-156747.1435067426,-0.0019288733137842308,0.002196581507864695,29.09706574938379,31.51695461765263,0.3125
1770,22.7,3,0.30000000000000004,0.7,0.3170020013790457,-156723.95406675123,-0.0022710063493237894,0.002721725687442389,29.680319303243554,37.50769723153158,0.3125
1771,22.71,2,0.2,0.8,0.41020389547293956,-156705.0888079875,-0.0024003060884562758,0.002431389019924452,31.829977065905823,37.45880293471357,0.3125
1772,22.72,2,0.2,0.8,0.8028431731151744,-156669.91755293368,-0.002503173604533191,0.0024310607059847625,31.519416386220605,39.56460598606536,0.3125
1773,22.73,2,0.2,0.8,0.4545314701190148,-156709.1849197436,-0.0025984375202899625,0.0026436444858596642,30.11675450618996,37.44435292623425,0.3125
1774,22.74,2,0.2,0.8,0.8681770862008786,-156716.1457516353,-0.002094333040378024,0.0022836630962716903,28.55413649623465,32.884139006806116,0.3125
1775,22.75,3,0.30000000000000004,0.7,0.5865377109839384,-156643.17912872214,-0.002198199347913273,0.0023714257894723125,28.94553086143441,31.824797284254025,0.3125
1776,22.76,3,0.30000000000000004,0.7,0.5157068949586786,-156736.35810974988,-0.0021959606277108168,0.002511859177274562,30.466352090127707,37.72029266425334,0.3125
1777,22.77,2,0.2,0.8,0.8397858019890856,-156727.41173316745,-0.0024696963334444482,0.002488237808987278,36.285487955762804,39.969727421127665,0.3125
1778,22.78,3,0.30000000000000004,0.7,0.5514436967120867,-156709.38878982354,-0.002447856068065353,0.002465269650936803,32.27416539351926,38.517242317064266,0.3125
1779,22.79,3,0.30000000000000004,0.7,0.13629897860784834,-156721.50563993026,-0.0020353441692962802,0.002272501341340205,27.208772896630588,35.36620254036697,0.3125
1780,22.8,4,0.4,0.6,0.8441630192174412,-156791.7594719425,-0.0022051481349700908,0.002354998226349362,28.611409658068407,33.12927343725166,0.3125
1781,22.81,4,0.4,0.6,0.6899425009648259,-156606.0199105924,-0.002250866740202479,0.002533779417552362,29.624946555776962,34.508906712230825,0.3125
1782,22.82,5,0.5,0.5,0.4677112347652404,-156744.20388792653,-0.002449184334678932,0.0026159158760897614,32.73855138319106,35.636333512722416,0.3125
1783,22.83,7,0.7000000000000001,0.29999999999999993,0.014596399749608191,-156739.00501204983,-0.0027371212188375435,0.0024481977028266103,36.01025292739907,33.36390775609214,0.3125
1784,22.84,6,0.6000000000000001,0.3999999999999999,0.281687492118476,-156692.66365387468,-0.0020720823829463633,0.0022900816473362118,27.60019674171535,30.851509052092247,0.3125
1785,22.85,6,0.6000000000000001,0.3999999999999999,0.7884527481192926,-156791.00666850453,-0.0019247044899620837,0.0024414379050215554,26.658246979750153,32.67199035234047,0.3125
1786,22.86,6,0.6000000000000001,0.3999999999999999,0.7862941592438333,-156857.7355279521,-0.0023779518265027682,0.002528933471463703,31.98668888479881,33.472890954627786,0.3125
1787,22.87,4,0.4,0.6,0.4863621207627424,-156657.54432186866,-0.0024756030507297735,0.0024810369105817015,35.16890434603544,35.40712091010331,0.3125
1788,22.88,5,0.5,0.5,0.09265455245162452,-156846.83539155737,-0.0025219554587849547,0.00258819609843823,34.742141080380655,36.11470671977297,0.3125
1789,22.89,3,0.30000000000000004,0.7,0.014195125759453262,-156587.86685445395,-0.002094222957839713,0.0026076978347910847,26.03724909725037,35.54277297259235,0.3125
1790,22.9,4,0.4,0.6,0.7776228556489436,-156690.05442485923,-0.0019352448843812293,0.0020901130222656704,24.54077463739563,30.428203763881633,0.3125
1791,22.91,5,0.5,0.5,0.2726327118918017,-156753.79762328026,-0.002560966400372006,0.0022051670027083688,33.026835272195115,33.06905931153254,0.3125
1792,22.92,6,0.6000000000000001,0.3999999999999999,0.7527405092313774,-156793.98655542466,-0.002553879048341871,0.002701992359547211,34.23192032225068,38.31507733921545,0.3125
1793,22.93,6,0.6000000000000001,0.3999999999999999,0.6607136084248392,-156835.1699869912,-0.002045669560589876,0.002717004405600072,30.75618523018197,38.60245680177065,0.3125
1794,22.94,5,0.5,0.5,0.08771344049371892,-156705.35424044717,-0.002416218389602093,0.0023008473283760195,31.55595699645494,29.556620434084916,0.3125
1795,22.95,6,0.6000000000000001,0.3999999999999999,0.18254450629368946,-156637.30116605994,-0.002263527048430715,0.0020775066457419293,29.624327924704673,30.37552020496053,0.3125
1796,22.96,6,0.6000000000000001,0.3999999999999999,0.6051313767753568,-156760.0157129764,-0.0022713705403878248,0.0024246969312117323,30.92259508801222,33.840949598624874,0.3125
1797,22.97,6,0.6000000000000001,0.3999999999999999,0.5524716708843425,-156765.31449203624,-0.002445548901546896,0.0028510443452620295,31.88451117134467,37.52686810532957,0.3125
1798,22.98,5,0.5,0.5,0.3499745848562576,-156779.48464468945,-0.002232574158678995,0.00245292896779355,33.28564430894645,35.89406317622237,0.3125
1799,22.99,4,0.4,0.6,0.39408794100522654,-156649.81033025085,-0.002375628619499653,0.0022826476873664073,32.64132421276269,31.686463622516573,0.3125
1800,23.0,4,0.4,0.6,0.6729217496758595,-156778.6820272952,-0.0023343815472884662,0.002495166348065571,29.95274724609372,32.9309086063296,0.3125
1801,23.01,5,0.5,0.5,0.2958778408111421,-156711.57575083702,-0.0020457731186895637,0.0026227181498471794,27.245250392480838,38.57494617530811,0.3125
1802,23.02,5,0.5,0.5,0.5728419852266663,-156766.91319621733,-0.002481358225995368,0.002276214995600743,32.17748078729818,35.27427912810593,0.3125
1803,23.03,4,0.4,0.6,0.6392210592217822,-156717.48783532935,-0.002363732088645215,0.0022960956383913326,32.49169411397482,36.768624759897016,0.3125
1804,23.04,4,0.4,0.6,0.6630469371244194,-156815.14556335242,-0.002104867935104734,0.0027077417475501737,27.533393651071815,37.475167531031914,0.3125
1805,23.05,5,0.5,0.5,0.48753729554330993,-156705.23876736453,-0.00232262324745298,0.0024178652223190446,30.43267898352157,33.14433772175424,0.3125
1806,23.06,5,0.5,0.5,0.49046914734728975,-156782.1867146358,-0.0023781041742931257,0.002144117973005992,33.4940322665191,30.437872877947697,0.3125
1807,23.07,6,0.6000000000000001,0.3999999999999999,0.6409855252594906,-156770.57849231275,-0.0022387251865424417,0.002535394012439868,31.516902728185617,33.85606291420491,0.3125
1808,23.08,5,0.5,0.5,0.3562770650164501,-156681.99314587459,-0.0022439147388412556,0.002798565413301923,30.111361262446,36.918570263876624,0.3125
1809,23.09,4,0.4,0.6,0.6953466070576104,-156776.84387195032,-0.002294310516618352,0.002583448132396373,29.82614835724918,36.70399129561295,0.3125
1810,23.1,6,0.6000000000000001,0.3999999999999999,0.4238597162072488,-156788.52610173295,-0.0025219378011743466,0.002088718905906714,32.12711513298292,31.41586277042526,0.3125
1811,23.11,5,0.5,0.5,0.3041279167781317,-156646.60215902902,-0.002312757210771745,0.002220815119878754,30.41396420360601,31.674956631833066,0.3125
1812,23.12,5,0.5,0.5,0.3951868753938637,-156643.95509916436,-0.0020990365918157673,0.002727866129901455,29.69972659775206,36.582964728263825,0.3125
1813,23.13,6,0.6000000000000001,0.3999999999999999,0.45838216304119767,-156801.73442581337,-0.0023786746354300583,0.0024962978859313194,33.67183236574796,34.41603196108066,0.3125
1814,23.14,7,0.7000000000000001,0.29999999999999993,0.4404223811061489,-156866.38133138084,-0.002390476845279105,0.0022932522351914774,30.780733571198752,32.42194267924199,0.3125
1815,23.15,7,0.7000000000000001,0.29999999999999993,0.5765363690335225,-156783.88219233367,-0.002136680133911638,0.0023444618463328787,27.70907257881533,34.90072909954906,0.3125
1816,23.16,8,0.8,0.19999999999999996,0.05118336024604648,-156927.02342653694,-0.002357859589725784,0.0026705794657065096,30.644973741905062,35.61724713106837,0.3125
1817,23.17,8,0.8,0.19999999999999996,0.5584222517430255,-156859.52994083613,-0.0020271912026695797,0.00254515886922892,30.247380741552046,34.74811584966522,0.3125
1818,23.18,7,0.7000000000000001,0.29999999999999993,0.7061997498517981,-156670.26480866616,-0.002342918339220699,0.0023466397341579646,35.283820863367865,33.84146340398374,0.3125
1819,23.19,7,0.7000000000000001,0.29999999999999993,0.785638896603495,-156819.3116556874,-0.0027964959667561382,0.002471916117378898,33.614712915448784,30.387582556960044,0.3125
1820,23.2,8,0.8,0.19999999999999996,0.3555861246242493,-156901.48109979733,-0.0019679836087034747,0.0023611492268443154,27.4843662575284,32.60445537181715,0.3125
1821,23.21,8,0.8,0.19999999999999996,0.7101384394704504,-156788.8444744199,-0.002281894358391159,0.002470820083368506,30.08500246557362,30.27816886919594,0.3125
1822,23.22,7,0.7000000000000001,0.29999999999999993,0.7527010821230369,-156800.08607820468,-0.002449063587689611,0.0026145197711979476,33.58206132362169,35.306319213248834,0.3125
1823,23.23,7,0.7000000000000001,0.29999999999999993,0.35889898145514904,-156810.29415363874,-0.0021730180927218077,0.002163320747949661,33.18629939862131,32.16401705119186,0.3125
1824,23.24,7,0.7000000000000001,0.29999999999999993,0.34535254082506883,-156792.79247352373,-0.002479129785499215,0.002579235797203909,32.38168721684296,36.16103726763391,0.3125
1825,23.25,6,0.6000000000000001,0.3999999999999999,0.7600882066820234,-156791.7138764371,-0.002096293543678946,0.0024964656609711006,27.136203937257996,35.15441236526875,0.3125
1826,23.26,6,0.6000000000000001,0.3999999999999999,0.704493959657573,-156810.0239532472,-0.001906730902214003,0.002257106795385597,25.78929545017718,32.38740979534883,0.3125
1827,23.27,5,0.5,0.5,0.3146522640925545,-156765.27716385282,-0.0026558329998408185,0.00257581564687079,35.04305764484634,34.060008461692405,0.3125
1828,23.28,7,0.7000000000000001,0.29999999999999993,0.2166759455697929,-156858.69758240817,-0.002379158849210612,0.0025967229762389452,34.00340525788654,35.455083206289935,0.3125
1829,23.29,6,0.6000000000000001,0.3999999999999999,0.6571585055092979,-156676.4714746867,-0.0020593234141847916,0.002549755148683409,28.83092280344282,36.14541298725883,0.3125
1830,23.3,5,0.5,0.5,0.4274770882207068,-156765.4736527139,-0.0026010677387461037,0.002425158597980078,32.83389909097064,32.57931071550174,0.3125
1831,23.31,6,0.6000000000000001,0.3999999999999999,0.20259094185783635,-156775.5531297456,-0.0022745134063475374,0.0022171241421814,30.60520522605706,34.10895406912751,0.3125
1832,23.32,6,0.6000000000000001,0.3999999999999999,0.6107558057331945,-156877.89556599015,-0.0022840389702507417,0.0023618783712569154,29.802115197932718,32.424747557329034,0.3125
1833,23.33,7,0.7000000000000001,0.29999999999999993,0.33584315856228836,-156738.9392655994,-0.0023833573940171956,0.0028431616750348174,32.601127749472745,38.40591198336352,0.3125
1834,23.34,7,0.7000000000000001,0.29999999999999993,0.6212643383793457,-156955.2231361992,-0.0021928410457540595,0.002389600404367544,30.563145087073575,32.93091478700521,0.3125
1835,23.35,7,0.7000000000000001,0.29999999999999993,0.6205187737138911,-156807.4271651939,-0.0021596780409581834,0.0021054794269952624,29.722041023055333,31.04116024359452,0.3125
1836,23.36,7,0.7000000000000001,0.29999999999999993,0.45644694376681516,-156879.78469668888,-0.0022456684963030856,0.00243964754797209,29.78015276406252,31.85179872206398,0.3125
1837,23.37,8,0.8,0.19999999999999996,0.8548069546872548,-156873.47775698462,-0.0022651838823588995,0.0026758540855811837,33.07189885105575,36.77505623436595,0.3125
1838,23.38,8,0.8,0.19999999999999996,0.9182526401111408,-156884.69794008372,-0.0026290795970197517,0.0025223609231392816,34.61998436513395,31.274779130269533,0.3125
1839,23.39,8,0.8,0.19999999999999996,0.7341358738502822,-156910.3065003161,-0.002252632528907155,0.0022225347785284682,31.951382176556532,31.614625076486913,0.3125
1840,23.4,8,0.8,0.19999999999999996,0.8663822733010138,-156935.01170138625,-0.0022417970145407464,0.0025655350709384824,29.775611228098917,33.5403759254206,0.3125
1841,23.41,8,0.8,0.19999999999999996,0.6921055967779448,-156936.93462613184,-0.0022343052050848213,0.002541838930776842,32.69524330121719,33.469427157316744,0.3125
1842,23.42,8,0.8,0.19999999999999996,0.4969393864962418,-156836.24547536246,-0.002119862311153031,0.002287128592679503,31.80343279894565,33.38966307294539,0.3125
1843,23.43,7,0.7000000000000001,0.29999999999999993,0.6808684525322863,-156796.79526385452,-0.0026401349911467867,0.002597437768231236,32.72138490199013,36.72610256826055,0.3125
1844,23.44,6,0.6000000000000001,0.3999999999999999,0.5407929407203756,-156774.6431602454,-0.002364534311270362,0.0023447368930183594,30.001511208869882,32.42873204985261,0.3125
1845,23.45,5,0.5,0.5,0.4895936046959301,-156815.69749739478,-0.0020042541374488327,0.002362960921655178,27.119361659321083,31.22960366216883,0.3125
1846,23.46,5,0.5,0.5,0.37198966479400075,-156670.9255326867,-0.0023419902450129717,0.002665605613605547,32.54123434727156,34.925065030593906,0.3125
1847,23.47,4,0.4,0.6,0.7680316132084494,-156696.73205208208,-0.0022790748254582194,0.0025277219297396587,32.09675869952738,36.61541581865263,0.3125
1848,23.48,5,0.5,0.5,0.057414446892533624,-156849.1794599227,-0.0022922751871655256,0.0021757856482098243,31.9811778925704,37.56932980399888,0.3125
1849,23.49,4,0.4,0.6,0.755131279917846,-156725.21320482498,-0.002643409325340118,0.002504737752114735,31.881756347733987,37.54080934632539,0.3125
1850,23.5,3,0.30000000000000004,0.7,0.6272438672578504,-156825.9239819571,-0.0019929840596197112,0.002288278062073251,27.119864341078582,31.951095691651897,0.3125
1851,23.51,3,0.30000000000000004,0.7,0.24773147447505173,-156745.20711823524,-0.0017024164027985237,0.0025279006454716714,23.91978348601105,35.47188552633838,0.3125
1852,23.52,3,0.30000000000000004,0.7,0.6704932516614502,-156732.6840269586,-0.0026971675484706446,0.0027915945172789737,35.339261776328776,36.942346524652116,0.3125
1853,23.53,2,0.2,0.8,0.9001352799141747,-156781.89960154938,-0.002520590741213473,0.002440142766251236,33.271566164287115,38.58299013892685,0.3125
1854,23.54,3,0.30000000000000004,0.7,0.2732877783764933,-156726.71547952076,-0.0024462003386465825,0.00214625413973485,32.17060193579315,34.50939130931526,0.3125
1855,23.55,3,0.30000000000000004,0.7,0.5637823028381614,-156801.05909432145,-0.0023081683587696453,0.002494473700041535,28.8058202642644,35.11200847247127,0.3125
1856,23.56,4,0.4,0.6,0.6230327944352897,-156798.3799409517,-0.001967389939722734,0.002358913310710939,27.76412839582013,33.15177849102919,0.3125
1857,23.57,5,0.5,0.5,0.32149659256891855,-156885.19021180534,-0.0022162276607195874,0.0024925967123989746,28.91280512864777,33.30929471096569,0.3125
1858,23.58,6,0.6000000000000001,0.3999999999999999,0.22546560001472246,-156785.09281704162,-0.002586751178052557,0.0025602544090504043,36.881808741005,36.5830765417287,0.3125
1859,23.59,6,0.6000000000000001,0.3999999999999999,0.7135248337810279,-156849.60643484668,-0.0021993855433511665,0.0026171037296956476,30.50624379230754,37.61363884601509,0.3125
1860,23.6,6,0.6000000000000001,0.3999999999999999,0.5853968079742451,-156771.12323046394,-0.002172867954744755,0.0024051872231350057,29.754517384408643,34.47580317902782,0.3125
1861,23.61,6,0.6000000000000001,0.3999999999999999,0.6016241006971836,-156799.2652976,-0.0022388151894687522,0.002272180697551838,28.972982728494927,31.603339208191525,0.3125
1862,23.62,7,0.7000000000000001,0.29999999999999993,0.7784886479045868,-156885.96642108448,-0.002350667653575234,0.002333389474060457,30.729335297752506,32.22776251535249,0.3125
1863,23.63,7,0.7000000000000001,0.29999999999999993,0.6350018434198994,-156873.67620887086,-0.002374651458300314,0.0024286020765609583,32.41895317743583,31.62551810777063,0.3125
1864,23.64,7,0.7000000000000001,0.29999999999999993,0.6173110389064075,-156891.43174841173,-0.002462520695797846,0.0024887349441157607,36.10762206802669,34.122469528420275,0.3125
1865,23.65,7,0.7000000000000001,0.29999999999999993,0.5437070240230792,-156853.01993510997,-0.0022653053137075808,0.0023552739451384195,30.96152897364342,32.36655471861684,0.3125
1866,23.66,6,0.6000000000000001,0.3999999999999999,0.5350887140002781,-156799.2498371742,-0.0021358586043046775,0.002431312872185195,28.934563945072284,33.69241915982344,0.3125
1867,23.67,6,0.6000000000000001,0.3999999999999999,0.12220157413724377,-156801.80488793607,-0.002277314823519024,0.0026250650985505126,28.690993022112117,34.74741504865019,0.3125
1868,23.68,5,0.5,0.5,0.4807501953568221,-156770.88446618052,-0.0024023577858813894,0.0024316316874410993,32.12739342276801,34.18438354843488,0.3125
1869,23.69,4,0.4,0.6,0.8648962743662514,-156804.99380330276,-0.002385978894900036,0.002566261427917198,33.69555372351464,34.82238875736492,0.3125
1870,23.7,4,0.4,0.6,0.7721238272778927,-156779.29431820996,-0.0023269703130013868,0.002604509485166116,31.832416617316863,36.801695379766876,0.3125
1871,23.71,4,0.4,0.6,0.4177370700951599,-156795.88045831563,-0.0021022687303700327,0.002124138385677933,28.717038009685776,33.20536263125204,0.3125
1872,23.72,4,0.4,0.6,0.6565187934972878,-156887.37593538463,-0.0021259315746205722,0.002337633754213534,27.98627944776674,35.05145904004158,0.3125
1873,23.73,4,0.4,0.6,0.39839474781718426,-156777.625214723,-0.002392890916981012,0.002477632798538617,30.64682649999189,36.42974291696575,0.3125
1874,23.74,4,0.4,0.6,0.23147557470283872,-156736.14662361357,-0.002478240380623876,0.0025180202083271794,32.72825058868102,35.583833255509106,0.3125
1875,23.75,3,0.30000000000000004,0.7,0.7347305623999655,-156747.80104813474,-0.00245178756712336,0.002407500855576289,34.497148132151416,34.59730253417527,0.3125
1876,23.76,3,0.30000000000000004,0.7,0.5984409420105831,-156706.18431093168,-0.0022613567108041243,0.0025221163274522403,30.606315911597065,34.77162341147802,0.3125
1877,23.77,2,0.2,0.8,0.12379397724818943,-156876.85800884193,-0.0020550323483367623,0.0024504367362070574,27.461649962789096,34.71775817805502,0.3125
1878,23.78,2,0.2,0.8,0.9144325218202303,-156881.9293897143,-0.0022620890264465803,0.0025753398576675492,27.39888430344908,37.182601463053246,0.3125
1879,23.79,1,0.1,0.9,0.8949285168900346,-156885.58076306607,-0.002670454387135651,0.0024630078310660455,32.93020551735365,39.0560562822342,0.3125
1880,23.8,1,0.1,0.9,0.9921040354261811,-156905.95813657827,-0.002464093469372229,0.00244725176301318,32.41175254517576,38.877080916564076,0.3125
1881,23.81,1,0.1,0.9,0.9748046258726485,-156859.68445141093,-0.0021693417672991786,0.002477469469407178,30.980182091238543,38.117300843905454,0.3125
1882,23.82,1,0.1,0.9,0.9450968932288373,-156980.81071406277,-0.0021863143984797175,0.0023794713488934673,31.184789968514973,36.93766076322404,0.3125
1883,23.83,1,0.1,0.9,0.9098450809378192,-156784.50529923697,-0.0021813270055250165,0.0022629503852561747,29.842069896445864,35.15745618039733,0.3125
1884,23.84,1,0.1,0.9,0.7989263709187275,-156921.730694237,-0.0023474463343719524,0.0024635894515996305,31.245149519245405,38.170812092606354,0.3125
1885,23.85,1,0.1,0.9,0.5512846474285545,-156902.01650536896,-0.0024706763209502015,0.0026918526180076093,30.667380916491027,41.025261955726535,0.3125
1886,23.86,1,0.1,0.9,0.8869555827878016,-156963.0188593932,-0.0023906373442448467,0.002304598698452507,31.31800713770815,36.82671901673477,0.3125
1887,23.87,1,0.1,0.9,0.19711267474617078,-156833.6659027909,-0.0023280234953344118,0.0025110604530480065,28.733832294049417,38.632626609638756,0.3125
1888,23.88,2,0.2,0.8,0.9624667208818933,-156783.8700406457,-0.0022733827783307727,0.00245562536091754,29.416411946041336,34.87585176819619,0.3125
1889,23.89,3,0.30000000000000004,0.7,0.5306162526325312,-156826.8614914468,-0.0023267298029177458,0.002537814519048155,29.04752754985809,36.878034719485356,0.3125
1890,23.9,5,0.5,0.5,0.05235846340334552,-156846.66855203442,-0.0026082417824994635,0.00239818923467289,33.51287120171473,35.238836026468135,0.3125
1891,23.91,4,0.4,0.6,0.3298841417093036,-156761.9064154337,-0.0023739090810490507,0.002380813888560207,33.36093301687893,34.92688048347578,0.3125
1892,23.92,4,0.4,0.6,0.15367489946078938,-156879.96851914225,-0.0020207633611095156,0.0024504415752347702,29.382107328666176,36.22045652723166,0.3125
1893,23.93,4,0.4,0.6,0.11112746168224868,-156875.20217728836,-0.0020444183873912767,0.0026293730005283044,27.78192333100328,36.169155384823114,0.3125
1894,23.94,4,0.4,0.6,0.3832933695857616,-156870.5508522918,-0.002327359380365262,0.002285333394252831,30.30426615817645,33.75297259909859,0.3125
1895,23.95,3,0.30000000000000004,0.7,0.6720810518550032,-156812.44714365288,-0.00260708137717812,0.002357572412315542,33.25773253699325,34.14641444491319,0.3125
1896,23.96,2,0.2,0.8,0.8857199951122193,-156821.89209102726,-0.0024372605655810925,0.0024974623598795964,33.25913955359546,35.987520870463705,0.3125
1897,23.97,2,0.2,0.8,0.25463493368128115,-156927.44797017655,-0.002183251225656626,0.0026236274159761237,29.349110371205963,36.97938854238505,0.3125
1898,23.98,4,0.4,0.6,0.27380829555891206,-156710.30821385136,-0.002335977139899109,0.002443852502213129,29.33650486948493,36.47742112450271,0.3125
1899,23.99,4,0.4,0.6,0.218214092385833,-156899.3673475206,-0.002401476382233366,0.0022794700340403803,30.8155009469846,33.9769414435951,0.3125
1900,24.0,3,0.30000000000000004,0.7,0.7380215331921043,-156871.29061641576,-0.0023131684121156073,0.002421308590129324,31.92112984952312,33.9738870116487,0.3125
1901,24.01,2,0.2,0.8,0.4896818018565566,-156817.70676298667,-0.0021639948760035165,0.0027282786831113234,29.821509628345837,37.284336602560444,0.3125
1902,24.02,2,0.2,0.8,0.8823588671323527,-156930.53273552604,-0.0022816484533646026,0.002457286556677674,32.465338506548335,35.37187445440749,0.3125
1903,24.03,2,0.2,0.8,0.7741847327802804,-156804.91855664135,-0.002415423408442404,0.002297524767758488,30.589957810967572,36.49722028556391,0.3125
1904,24.04,2,0.2,0.8,0.7104822074844316,-156805.0785338186,-0.0024478651051033423,0.002232657885639122,31.80495570691633,35.42621552285855,0.3125
1905,24.05,2,0.2,0.8,0.833738226233948,-156822.97857927447,-0.0022877341930648836,0.0025927864129013383,29.519715078182788,38.31674668639038,0.3125
1906,24.06,2,0.2,0.8,0.25146413376538185,-156890.62754725033,-0.0022336316808223683,0.0026508809828559663,29.24680848276475,37.600388310083126,0.3125
1907,24.07,3,0.30000000000000004,0.7,0.6621248660378719,-156836.96726187455,-0.0021814183501112317,0.0024656557479289256,29.09702014526739,37.714604446550496,0.3125
1908,24.08,3,0.30000000000000004,0.7,0.7494646254051103,-156822.12556503084,-0.002577233298413928,0.002193093592560528,33.97692654832397,32.230662801102184,0.3125
1909,24.09,3,0.30000000000000004,0.7,0.7306392012626636,-156833.41121456597,-0.00203699893371597,0.002586287441214803,28.071477438204447,38.52058205705451,0.3125
1910,24.1,3,0.30000000000000004,0.7,0.7346129832894405,-156817.53167980767,-0.0020352955588339816,0.00250872659092851,27.712876172621858,35.271725354262244,0.3125
1911,24.11,3,0.30000000000000004,0.7,0.6992924580419732,-156804.319093901,-0.002601263204743788,0.0022587086321393685,34.844349542611944,32.77750814349006,0.3125
1912,24.12,3,0.30000000000000004,0.7,0.6980338099245115,-156881.05332211265,-0.002589184342068337,0.0025551148938397017,33.10643278768588,37.16234681231322,0.3125
1913,24.13,5,0.5,0.5,0.7222777778710825,-156802.24966582135,-0.0022422639457880538,0.0025313271834571404,29.427925004184022,35.36099729337715,0.3125
1914,24.14,6,0.6000000000000001,0.3999999999999999,0.5200241905696438,-156812.2888602474,-0.002031094437980664,0.0024164797202795548,27.683499063575926,36.00274654571651,0.3125
1915,24.15,6,0.6000000000000001,0.3999999999999999,0.5600411653006108,-156897.25808898296,-0.0023122634638340794,0.002544842752600963,30.513449359781855,35.6046448158411,0.3125
1916,24.16,7,0.7000000000000001,0.29999999999999993,0.20976466523285894,-156909.08929447675,-0.002437117782537557,0.002292330365009382,33.86355571928381,32.057861818369155,0.3125
1917,24.17,6,0.6000000000000001,0.3999999999999999,0.46715705133476537,-156876.4271232799,-0.0023064668327103057,0.0023937228770712013,32.225742438121316,32.375964619586426,0.3125
1918,24.18,6,0.6000000000000001,0.3999999999999999,0.38688750261925337,-156880.3853978055,-0.002192510730271259,0.0029212919685962808,27.9102243723307,37.27018299095736,0.3125
1919,24.19,5,0.5,0.5,0.741816823705987,-156815.0527624016,-0.0023145552941543765,0.002178893832408895,31.737415331674665,30.45833760827973,0.3125
1920,24.2,5,0.5,0.5,0.5854484828352786,-156781.89849445532,-0.00219956981012182,0.002096563371787073,30.134059904399408,33.0348440227691,0.3125
1921,24.21,3,0.30000000000000004,0.7,0.2738152248607378,-156773.35959678006,-0.0024633690725355925,0.0025971202129102156,33.25618012452258,38.1101968600729,0.3125
1922,24.22,4,0.4,0.6,0.34693058044467,-156782.02606098412,-0.0023916469842465496,0.002652043646371431,31.882010044563728,38.015957817319524,0.3125
1923,24.23,5,0.5,0.5,0.6011622443079135,-156783.59936809394,-0.002239813682462687,0.0022980339288048253,29.41065999550528,34.60498005781614,0.3125
1924,24.24,4,0.4,0.6,0.5157879705531793,-156850.84567390798,-0.002346831973918697,0.002484272985268099,29.00421635544643,33.616012140886724,0.3125
1925,24.25,3,0.30000000000000004,0.7,0.3293185461706929,-156817.6922019009,-0.002273048411581136,0.0025171893302006728,31.333750498841482,32.521424775769695,0.3125
1926,24.26,3,0.30000000000000004,0.7,0.18191563078625378,-156749.42247839176,-0.0020384548880997538,0.0025427285360545317,28.713224559945814,36.18919256921475,0.3125
1927,24.27,3,0.30000000000000004,0.7,0.2333462336304974,-156869.6584987691,-0.002682817800173662,0.0022972035569987087,37.68001842159085,36.699619943248805,0.3125
1928,24.28,2,0.2,0.8,0.9486223206598091,-156919.39658433507,-0.0023951613865761906,0.0024799444644308163,31.08263239781277,37.78880211262995,0.3125
1929,24.29,2,0.2,0.8,0.7978750536344712,-156727.34925891113,-0.0020645470583828492,0.0024490486612463143,27.49406022100372,38.54792171024013,0.3125
1930,24.3,2,0.2,0.8,0.8512864825573607,-156908.30087221586,-0.002359278973557735,0.0025618111343068775,27.083820341647474,35.82669408894175,0.3125
1931,24.31,2,0.2,0.8,0.8666737481702009,-156837.19310146433,-0.0023168232573920183,0.0022193766790334214,31.51110710848304,36.04204087384304,0.3125
1932,24.32,1,0.1,0.9,0.5013947336619526,-156927.72695919755,-0.002312026638530433,0.002591972679301068,29.922940132821108,37.2877930275228,0.3125
1933,24.33,1,0.1,0.9,0.8599376591113892,-156934.69694826208,-0.002362921851960739,0.002534316021245208,35.00155170407978,37.270092645631955,0.3125
1934,24.34,1,0.1,0.9,0.9801105806908513,-156842.13104891015,-0.00227348623555909,0.0024519209534943766,29.29649632451311,34.629304534673686,0.3125
1935,24.35,1,0.1,0.9,0.9703165534378735,-156967.7707792382,-0.002405096105395826,0.00243699330617551,28.660249204881552,39.35931298494483,0.3125
1936,24.36,1,0.1,0.9,0.7828809657378186,-156900.79874415696,-0.0023831315531827003,0.0021992937949240456,28.463052727526783,35.253041344807805,0.3125
1937,24.37,1,0.1,0.9,0.7290499914373179,-156809.5216983054,-0.0022429634739642434,0.0025141604594183403,29.90952929216867,40.96862020161193,0.3125
1938,24.38,2,0.2,0.8,0.8498213098512127,-156965.7860999246,-0.0023191746671017686,0.0026225236512382732,32.133321069237276,37.010841976544654,0.3125
1939,24.39,2,0.2,0.8,0.4403213698043289,-156855.2212750118,-0.0023606674973811748,0.0024035025602853932,35.91161768434185,34.32720172905576,0.3125
1940,24.4,2,0.2,0.8,0.7361175795186248,-156922.7987365458,-0.00251892034295895,0.0025689112999552786,34.215324280047355,35.60243738462035,0.3125
1941,24.41,2,0.2,0.8,0.7535569832727974,-156774.48070029038,-0.0023296488849984687,0.0024874158569913353,28.613400419768425,36.332815791905595,0.3125
1942,24.42,2,0.2,0.8,0.8130842787077452,-156929.18358478718,-0.002204458482236704,0.002391295124601405,27.75519935220511,38.6427735008411,0.3125
1943,24.43,1,0.1,0.9,0.3340595591876918,-156908.63336985218,-0.0019767850086020657,0.0022982378476019603,24.54323026867121,38.74234528440622,0.3125
1944,24.44,2,0.2,0.8,0.5668769214042466,-156818.1797712031,-0.0022450193953940777,0.002579700688705171,29.884975933982886,42.618478329634335,0.3125
1945,24.45,2,0.2,0.8,0.2820748836344459,-156992.34791587977,-0.0025751076039932244,0.002413644064960598,34.803310325251125,36.83218377067234,0.3125
1946,24.46,1,0.1,0.9,0.20567349787374792,-156888.25661581446,-0.0023163526975579687,0.0023326975413099234,33.63918066088071,33.39046371380744,0.3125
1947,24.47,2,0.2,0.8,0.579721116948068,-156897.86934158267,-0.002167095691682395,0.002644016236856275,29.10532204366722,33.55384860233706,0.3125
1948,24.48,2,0.2,0.8,0.6092545015492392,-156796.24008635976,-0.0023331925600992348,0.0023084428967392375,32.21646842952933,35.80708142024003,0.3125
1949,24.49,3,0.30000000000000004,0.7,0.7676549127125913,-156814.67856914774,-0.0023681801713546784,0.002389284004955059,28.987028680742448,35.9510883271409,0.3125
1950,24.5,4,0.4,0.6,0.6191289564800332,-156789.3067636041,-0.0025064759973861075,0.002618534446332082,31.89395440860009,39.891423000093525,0.3125
1951,24.51,3,0.30000000000000004,0.7,0.621079453868889,-156886.7923264603,-0.002269324745737375,0.0026658522907204467,29.881655691789234,35.98772726781252,0.3125
1952,24.52,5,0.5,0.5,0.7064275292161397,-156756.46550613936,-0.002181972796219174,0.002375806760545344,29.97710345905438,32.29631955570309,0.3125
1953,24.53,7,0.7000000000000001,0.29999999999999993,0.6488864311967176,-156961.131459643,-0.0022312761791819877,0.0024263136939445414,29.006421855533134,33.186180815286946,0.3125
1954,24.54,8,0.8,0.19999999999999996,0.7355177962339475,-156983.10965206375,-0.0024090821774594186,0.0022654886659871304,34.27277791252241,32.76185746793124,0.3125
1955,24.55,8,0.8,0.19999999999999996,0.8697403719906834,-156936.41094134774,-0.0022672520213802574,0.002334387384782888,31.742707891540814,34.84433614690402,0.3125
1956,24.56,8,0.8,0.19999999999999996,0.9180957687986568,-156901.80083599314,-0.0023192970155651647,0.0025759507863386,32.964503413887996,36.082714705132176,0.3125
1957,24.57,8,0.8,0.19999999999999996,0.8749472913276976,-157040.24537493853,-0.002127176651558471,0.002657019096508581,28.12582107541502,34.0546294436602,0.3125
1958,24.58,10,1.0,0.0,0.8108522659866446,-157341.4884127582,-0.0021630560515133053,0.0023641026413823664,30.049281606860717,32.17984559830045,0.3125
1959,24.59,10,1.0,0.0,0.9999223269439841,-157344.78209203927,-0.002616942977309394,0.0025542997672709654,34.748059299483046,34.44519620200935,0.3125
1960,24.6,10,1.0,0.0,0.9999822383801376,-157273.59170127392,-0.002247105262610653,0.0026230837256376507,31.043981146615003,35.620902299798,0.3125
1961,24.61,10,1.0,0.0,0.9999964131335537,-157353.9811139263,-0.0021924280053202917,0.0025884890164229444,32.11859440182349,34.257965499271364,0.3125
1962,24.62,10,1.0,0.0,0.9999902720114598,-157380.3461135377,-0.002279889705242032,0.0024897215367203664,30.213607696007056,30.82630261500396,0.3125
1963,24.63,10,1.0,0.0,0.9999920597532521,-157327.54676045943,-0.0020919398413688935,0.0023732957679877364,27.63986582445114,32.77043886441293,0.3125
1964,24.64,10,1.0,0.0,0.9999972933981063,-157342.98765235016,-0.0025794248152929025,0.002441860981778672,34.907692687557336,30.1920567546054,0.3125
1965,24.65,10,1.0,0.0,0.9999416765145638,-157365.74935054366,-0.002310766641750447,0.002649605505184491,35.20982228413006,36.24725059899604,0.3125
1966,24.66,10,1.0,0.0,0.9999999779807027,-157379.50036969475,-0.0023876004912403454,0.0025361668781778593,32.907144361860844,32.00622799646487,0.3125
1967,24.67,10,1.0,0.0,0.9999999858867727,-157287.50909145875,-0.0021242047891430194,0.002579046952452255,28.726282882995278,35.78717182569926,0.3125
1968,24.68,10,1.0,0.0,0.9999999627008967,-157376.14879522662,-0.0022347361747526565,0.0024827444927020743,31.104013110792888,34.05047181794842,0.3125
1969,24.69,10,1.0,0.0,0.999999996939126,-157298.50609378677,-0.002392765624209443,0.00271765389263842,32.50452491726188,39.77832723590923,0.3125
1970,24.7,10,1.0,0.0,0.9999913109486005,-157456.97303218395,-0.0024391901846153156,0.002326349701375929,32.7539855945011,33.04085847570063,0.3125
1971,24.71,10,1.0,0.0,0.9992323397829096,-157229.46569063392,-0.0020765752208320313,0.002259945806490269,31.246891522410436,33.52948166077444,0.3125
1972,24.72,10,1.0,0.0,0.9996177693259134,-157354.13237091465,-0.0020926414631020074,0.002841136875444209,27.371112976718987,38.51229148760879,0.3125
1973,24.73,10,1.0,0.0,0.9992945782458754,-157283.66111294087,-0.0023752179574060466,0.0024967745487251064,33.98972430605392,34.008869046186966,0.3125
1974,24.74,10,1.0,0.0,0.9956588717129078,-157348.27981964502,-0.0024420531939025793,0.0025526120173564185,33.01571109698745,35.61090956957136,0.3125
1975,24.75,10,1.0,0.0,0.9998343814483684,-157291.46041503924,-0.0026017013358431386,0.0027771210733009725,34.15384142127723,34.45490903829395,0.3125
1976,24.76,10,1.0,0.0,0.9999852696085844,-157359.6779483531,-0.0020169416166837956,0.0025267411833590544,29.351439092255312,32.3351522995046,0.3125
1977,24.77,10,1.0,0.0,0.9996989740897771,-157278.07401949566,-0.0023277324764066727,0.0024977845231191117,31.77640734194947,28.637800393813677,0.3125
1978,24.78,10,1.0,0.0,0.9995552910830345,-157299.91091995555,-0.002299887856004904,0.00239410007337611,32.03164675948798,31.920870273813218,0.3125
1979,24.79,9,0.9,0.09999999999999998,0.667577654506791,-157079.57315405612,-0.002380864200852688,0.0024315368506691647,34.555947515447016,33.767483844316075,0.3125
1980,24.8,10,1.0,0.0,0.6908812701580264,-157298.35394640753,-0.0023890141033020566,0.002718851508608337,31.913453738349073,37.09124232781165,0.3125
1981,24.81,10,1.0,0.0,0.9981320276629362,-157322.47221778822,-0.002164422252282152,0.002445094997997323,30.74696766030284,34.88549460206709,0.3125
1982,24.82,10,1.0,0.0,0.9997080193853427,-157453.9893197012,-0.002119641721479938,0.0024647499643879736,27.94556870004213,32.65198224867257,0.3125
1983,24.83,10,1.0,0.0,0.999377560864135,-157287.29637943438,-0.002313864157903755,0.0023627391596569747,32.13998997279698,32.658035891356526,0.3125
1984,24.84,10,1.0,0.0,0.9967422333341195,-157399.33141077033,-0.0022885689689883344,0.002618095921562755,31.772629024397776,35.599432521231,0.3125
1985,24.85,10,1.0,0.0,0.4529641631482638,-157359.47974766427,-0.0022288062765446898,0.0026904934007735744,30.60451576408755,38.05742142523292,0.3125
1986,24.86,10,1.0,0.0,0.3392592480446452,-157316.18620638945,-0.0022288078592454788,0.00234480242051029,30.681294619750247,32.61933747339707,0.3125
1987,24.87,10,1.0,0.0,0.5843346368232006,-157236.94708488524,-0.0023448485423555334,0.0024561144309861995,30.184827285562083,31.964355433940067,0.3125
1988,24.88,9,0.9,0.09999999999999998,0.4813709393011012,-157074.22419385056,-0.002317080498996049,0.002458093474986123,32.37510303254593,30.59659994512642,0.3125
1989,24.89,9,0.9,0.09999999999999998,0.29679072444574334,-157066.47241103335,-0.002278494124799607,0.0023944045298214815,34.57971709039092,29.316664291211534,0.3125
1990,24.9,9,0.9,0.09999999999999998,0.8793060679881193,-157082.06957713014,-0.0022189640787751604,0.002516466887954254,31.234572684903917,31.53080901823217,0.3125
1991,24.91,9,0.9,0.09999999999999998,0.878917851151914,-157054.6626758223,-0.0024464118532699928,0.0023667451245091317,34.22524331294287,31.247757141084172,0.3125
1992,24.92,9,0.9,0.09999999999999998,0.8297401413933165,-157127.18736517584,-0.0023536491310196537,0.0024530844630353404,29.803378907297066,33.52444393373713,0.3125
1993,24.93,9,0.9,0.09999999999999998,0.7580669913072906,-157050.78100612675,-0.002406491203920848,0.0024612623940293617,33.684542834356456,34.098176914571084,0.3125
1994,24.94,8,0.8,0.19999999999999996,0.9432543408451849,-156906.4558493267,-0.0023486301352957095,0.0027528705105370655,32.213963659927664,35.51512825549845,0.3125
1995,24.95,8,0.8,0.19999999999999996,0.5538340147826029,-156977.4275722694,-0.0021165185855340474,0.002417441467715318,31.857531176693296,31.657104261775128,0.3125
1996,24.96,7,0.7000000000000001,0.29999999999999993,0.7266266003743904,-156844.8673560229,-0.0021411948975302796,0.0023272028466113665,29.001692186220872,32.20362567497494,0.3125
1997,24.97,7,0.7000000000000001,0.29999999999999993,0.6668228023993746,-156925.18107043864,-0.0025332788310153905,0.0023393559455803163,34.019362492327936,34.55271895418587,0.3125
1998,24.98,6,0.6000000000000001,0.3999999999999999,0.0678516910183574,-156764.42986842655,-0.0023147555054838158,0.002429226979025178,29.827767907803697,34.6228016892962,0.3125
1999,24.99,6,0.6000000000000001,0.3999999999999999,0.43397921723665733,-156894.14000218676,-0.0022809827768518667,0.002725262846274518,32.028867565201075,38.44495680207881,0.3125
2000,25.0,6,0.6000000000000001,0.3999999999999999,0.468960672459901,-156775.93318737595,-0.002140000790689609,0.0024760469076601267,29.118505850632275,33.186672235038124,0.3125
2001,25.01,7,0.7000000000000001,0.29999999999999993,0.747378428167457,-156789.7564278884,-0.0020262268623648214,0.0021174465275069043,29.081749901379514,31.456214930149688,0.3125
2002,25.02,8,0.8,0.19999999999999996,0.06138294953322399,-156943.688861237,-0.0026269217543932566,0.002561129394956319,32.908742616478804,33.22496361174473,0.3125
2003,25.03,8,0.8,0.19999999999999996,0.7019939591533964,-156841.99883598663,-0.002460369590591476,0.002499781990957244,32.428343376637315,34.62061393771207,0.3125
2004,25.04,7,0.7000000000000001,0.29999999999999993,0.2672146684492257,-156796.816376213,-0.002267632164798032,0.002472008839904215,32.100573278958066,32.30435507501501,0.3125
2005,25.05,8,0.8,0.19999999999999996,0.881753808598312,-157016.03494182794,-0.0022653333907669583,0.002412492380732,31.44928103521508,32.174382185203164,0.3125
2006,25.06,9,0.9,0.09999999999999998,0.21285078539103036,-157046.42543959932,-0.0023478080245045462,0.0023079198650173514,33.262304511997215,30.352813126018688,0.3125
2007,25.07,9,0.9,0.09999999999999998,0.8587045369054725,-157081.55628135533,-0.002287147570816636,0.00250251803149217,31.063203534157672,34.24244043310824,0.3125
2008,25.08,10,1.0,0.0,0.6130040157331634,-157321.28632997914,-0.0024666059033814484,0.002580005185015754,33.36015731453377,33.72181147873931,0.3125
2009,25.09,10,1.0,0.0,0.9969463074059864,-157283.24751949107,-0.0021863363033198377,0.0024144252082368097,29.486823940969373,32.064049570644414,0.3125
2010,25.1,10,1.0,0.0,0.9983392425182548,-157388.40707284247,-0.002224871936002544,0.002424158391401715,29.72137984305658,31.486949643520337,0.3125
2011,25.11,10,1.0,0.0,0.9962122937331681,-157334.115742085,-0.002148373646224121,0.002394305014885287,29.28488801106153,31.66970619189977,0.3125
2012,25.12,10,1.0,0.0,0.9999394070656563,-157317.37790570542,-0.0021429256777789093,0.0024252570162744988,31.818936557217715,35.72731521573429,0.3125
2013,25.13,10,1.0,0.0,0.9998759128416747,-157342.01776706617,-0.0024673005641095455,0.0026800034490340975,30.43488643575249,33.403770989301535,0.3125
2014,25.14,10,1.0,0.0,0.9973120248529572,-157308.55993755293,-0.0022722627275715834,0.002191861719717138,32.57063324000194,31.81374334357681,0.3125
2015,25.15,10,1.0,0.0,0.9787179893295861,-157225.09218123855,-0.002338693473237155,0.0023438212430082635,31.661578077971775,27.434904315869456,0.3125
2016,25.16,10,1.0,0.0,0.9992887159261025,-157356.24276881633,-0.002162125234541537,0.0024900076905215,32.86661569578422,30.416486407127902,0.3125
2017,25.17,10,1.0,0.0,0.9997723573860764,-157324.99444220343,-0.0021829102988299392,0.0025851004977642655,30.278829284579743,30.53835527293801,0.3125
2018,25.18,10,1.0,0.0,0.5069237644666469,-157364.32374771885,-0.00247190513046398,0.0026530469090647684,31.546629218391605,34.594929962207324,0.3125
2019,25.19,10,1.0,0.0,0.9220815502173748,-157345.90520220285,-0.0024949937179580715,0.002223734105470245,33.448665761520466,30.354774286085966,0.3125
2020,25.2,10,1.0,0.0,0.9845197039238206,-157313.23885091938,-0.0021370932469191705,0.0027108726202897363,29.472961833549324,37.13754612032201,0.3125
2021,25.21,10,1.0,0.0,0.9873672172819742,-157314.27981732148,-0.002089990451074211,0.002559971059507935,30.30483650277322,36.70277578662957,0.3125
2022,25.22,10,1.0,0.0,0.9967019217988303,-157320.858117029,-0.002146857744103642,0.0023606109364936933,28.736441222920597,33.968980401122906,0.3125
2023,25.23,10,1.0,0.0,0.998200236468124,-157319.78588487383,-0.002574390844291764,0.0024545070416781547,34.384243748841484,36.32861422679743,0.3125
2024,25.24,10,1.0,0.0,0.9970984780003154,-157269.8480678556,-0.0023393525860552216,0.0026233437555353532,31.05112644672231,35.61788107069333,0.3125
2025,25.25,10,1.0,0.0,0.9870335529926684,-157355.15532515524,-0.0019264700453641283,0.0027363637967158156,27.98908322989159,37.3109875288561,0.3125
2026,25.26,10,1.0,0.0,0.9948108542905053,-157287.29326521492,-0.0023124483650276,0.0026558527504846425,32.79403632232827,35.1251568821129,0.3125
2027,25.27,9,0.9,0.09999999999999998,0.6442077198144948,-156953.59635120348,-0.0026100553797687486,0.002532413726253443,35.595769384922924,34.34628741226127,0.3125
2028,25.28,9,0.9,0.09999999999999998,0.9682335545933131,-157061.36786326763,-0.0023144808380062627,0.002415921702626488,32.0931177843152,33.314050037879404,0.3125
2029,25.29,9,0.9,0.09999999999999998,0.9731428179764343,-157082.79629919693,-0.0023770329901309215,0.002667371602253792,34.59252969311874,34.88546817550152,0.3125
2030,25.3,10,1.0,0.0,0.19559634053807406,-157209.52675288555,-0.0022736017080840316,0.002835426215836173,30.51509284160473,38.04339515369327,0.3125
2031,25.31,10,1.0,0.0,0.9598372145729428,-157426.7603840142,-0.0021408133219750817,0.002351627517113671,30.174945414354934,34.57261911815701,0.3125
2032,25.32,10,1.0,0.0,0.9926362916352275,-157381.6700606623,-0.002430272405162259,0.002424530482524155,31.358056615657926,34.57133998202996,0.3125
2033,25.33,10,1.0,0.0,0.9906969418946437,-157443.0899200767,-0.0023676041964947737,0.0025344694111558443,32.36533914049341,35.280598971679034,0.3125
2034,25.34,10,1.0,0.0,0.9999544905747344,-157410.62291609438,-0.00226506306299724,0.002559202043198289,32.53808387112976,33.52665569938851,0.3125
2035,25.35,10,1.0,0.0,0.9985770578104587,-157305.2692586641,-0.002289258222336635,0.0026203807030868056,30.711823211244457,32.625092905194734,0.3125
2036,25.36,10,1.0,0.0,0.57096194811576,-157393.9126805299,-0.0021435607951295448,0.0025956751258718247,30.58828856197983,35.52294146098344,0.3125
2037,25.37,9,0.9,0.09999999999999998,0.9575069497561082,-157100.3548882055,-0.0024150652414660343,0.002644078441085376,32.36565758732985,36.18033640287021,0.3125
2038,25.38,8,0.8,0.19999999999999996,0.8846129104452969,-157052.14408147897,-0.0023569991433427177,0.0022934162274287993,33.54195802249982,32.29379485242653,0.3125
2039,25.39,9,0.9,0.09999999999999998,0.23265799526552539,-157074.46454093786,-0.002188099400933836,0.0023824104552892114,31.563478340561716,32.399958282493365,0.3125
2040,25.4,8,0.8,0.19999999999999996,0.8670667542672938,-157030.73065811922,-0.002299720356922818,0.002694009925277849,29.01684892607913,32.46424204951935,0.3125
2041,25.41,8,0.8,0.19999999999999996,0.8958748680010825,-156988.62736991394,-0.002192928457871403,0.002001929129343121,29.168951837569722,26.900199859099573,0.3125
2042,25.42,7,0.7000000000000001,0.29999999999999993,0.5723075475624733,-156829.6295699903,-0.002364475618610246,0.002027746452574899,33.35950298174921,27.802317173887875,0.3125
2043,25.43,7,0.7000000000000001,0.29999999999999993,0.7633456254454434,-156963.4529603829,-0.0023692166788004225,0.002891192875309217,32.16105417960478,35.78514550879976,0.3125
2044,25.44,7,0.7000000000000001,0.29999999999999993,0.36967407344527536,-156809.45943519223,-0.0022142799371566717,0.0027784977956414646,32.36763327383917,35.03514559198454,0.3125
2045,25.45,8,0.8,0.19999999999999996,0.6721724227035974,-157116.776822997,-0.002281220985698002,0.002207067903106019,29.61050473358858,29.255687190893443,0.3125
2046,25.46,7,0.7000000000000001,0.29999999999999993,0.3339055550323158,-156852.9064081942,-0.0024778550225869438,0.0023640973808722703,31.59682714486992,30.887321046240977,0.3125
2047,25.47,8,0.8,0.19999999999999996,0.6100589138579247,-156900.8755839455,-0.002283090396839482,0.0025551568894716077,33.566094049093984,33.714881473077334,0.3125
2048,25.48,8,0.8,0.19999999999999996,0.5643005197073614,-157013.7438943202,-0.0021382729804303225,0.002642647446478918,30.9552446507296,37.75546055789489,0.3125
2049,25.49,9,0.9,0.09999999999999998,0.18974698318963867,-157039.70783040326,-0.002470918525504251,0.0022585571968741355,34.29689530316027,33.81070129714169,0.3125
2050,25.5,9,0.9,0.09999999999999998,0.9858740737792828,-157100.84858489508,-0.0022399954037294234,0.0022367001911733127,29.001101343971612,35.84178351351835,0.3125
2051,25.51,10,1.0,0.0,0.14697221717978745,-157432.61029260425,-0.0021635624549319397,0.0026433783668833592,28.018882872701116,36.693455594912955,0.3125
2052,25.52,10,1.0,0.0,0.8717805035599492,-157410.51106884368,-0.002251990772929132,0.0025595854529916365,32.131974098780056,34.213487201141895,0.3125
2053,25.53,10,1.0,0.0,0.9540836248547592,-157275.3839807613,-0.002365446216787108,0.002631267927028344,32.668795751343126,33.841137850028254,0.3125
2054,25.54,10,1.0,0.0,0.8245123192520311,-157353.1138864089,-0.0024246235330983227,0.0025624947482010543,34.15635147525323,33.145230066480714,0.3125
2055,25.55,10,1.0,0.0,0.9901687902481175,-157274.5795015083,-0.0023415326670153517,0.0024686566967196868,33.119586191153175,30.874574664202722,0.3125
2056,25.56,10,1.0,0.0,0.864732889977948,-157447.56617846288,-0.0022384254855205114,0.0023515260463809313,30.756865618627124,29.50708181850934,0.3125
2057,25.57,10,1.0,0.0,0.9973019277746001,-157365.31261845047,-0.0025532405630245567,0.0025973213347784832,35.286080417061115,31.814233633153112,0.3125
2058,25.58,10,1.0,0.0,0.9090245587393545,-157377.75914570235,-0.0021923635556543313,0.002558884600784686,29.655916444329115,31.47986829813395,0.3125
2059,25.59,10,1.0,0.0,0.20451899154716202,-157403.06442188405,-0.002232504902606761,0.0025615568036578807,31.63557685177336,34.05798816561705,0.3125
2060,25.6,9,0.9,0.09999999999999998,0.9666278447587351,-157023.4745127011,-0.002578940013556102,0.002477489100326734,32.8777584203914,33.87970528622537,0.3125
2061,25.61,9,0.9,0.09999999999999998,0.9228225688265014,-157045.49199302957,-0.002004118004469502,0.0022045825541912975,26.970486975091088,34.86765322977825,0.3125
2062,25.62,9,0.9,0.09999999999999998,0.3618941420631267,-157084.81317095624,-0.0021015713648354635,0.002455050095710438,31.025679863241272,36.161483097810354,0.3125
2063,25.63,8,0.8,0.19999999999999996,0.9178317751362277,-156966.41244068625,-0.002308012261021218,0.002827339894820151,30.851330999049914,41.83992409893569,0.3125
2064,25.64,7,0.7000000000000001,0.29999999999999993,0.65509489840261,-156853.67406626587,-0.0023868406652583826,0.0022221859507533057,35.2507325619452,32.375363874235944,0.3125
2065,25.65,6,0.6000000000000001,0.3999999999999999,0.6763236110738078,-156848.78038926428,-0.0022631342041171515,0.0022716498298416517,30.226624803914227,29.873175129248846,0.3125
2066,25.66,6,0.6000000000000001,0.3999999999999999,0.637744476665177,-156805.69075212648,-0.002337500071872899,0.0024898960235087268,29.429194697511214,30.107541341939807,0.3125
2067,25.67,7,0.7000000000000001,0.29999999999999993,0.3856778111437553,-156887.76924385462,-0.002162874524904444,0.0025248370966455156,28.77694999011369,33.65135118505711,0.3125
2068,25.68,8,0.8,0.19999999999999996,0.28903833491417597,-156908.63400723803,-0.002641838413677167,0.0024321972835828812,36.58516661236214,34.17409981474867,0.3125
2069,25.69,8,0.8,0.19999999999999996,0.8962923824474949,-156895.24076947774,-0.002427413159853763,0.0026310857406540832,33.24479129385187,36.18670205553066,0.3125
2070,25.7,8,0.8,0.19999999999999996,0.8180644064412104,-156965.64979763003,-0.002163711573157634,0.002479026284149077,32.25838733243155,32.959001917501915,0.3125
2071,25.71,9,0.9,0.09999999999999998,0.21294164930487078,-156961.34378772866,-0.0022236269866740955,0.002258838141680609,27.948669569601137,26.396361672531068,0.3125
2072,25.72,8,0.8,0.19999999999999996,0.8063940515747199,-156868.18991604494,-0.002247775631720219,0.0020098306742274835,31.80366981463176,27.90224539273715,0.3125
2073,25.73,8,0.8,0.19999999999999996,0.6398583373946471,-156904.9506679661,-0.0023838698473014424,0.002639807276464197,32.35426846217687,33.7079745176391,0.3125
2074,25.74,8,0.8,0.19999999999999996,0.5942034892308627,-156934.8921856561,-0.002309232361359619,0.002845300807705082,31.730748029319166,41.200892129791,0.3125
2075,25.75,8,0.8,0.19999999999999996,0.12956581772450612,-156861.20094807394,-0.002282024219827009,0.0023379402087594318,30.68007623096645,35.71692479907938,0.3125
2076,25.76,7,0.7000000000000001,0.29999999999999993,0.3909906131880217,-156862.45725559702,-0.0023568705446510474,0.002017165487010007,31.77140960704741,30.308730438734777,0.3125
2077,25.77,5,0.5,0.5,0.6984959140897126,-156743.90984235378,-0.0021734822287042934,0.0023295620967746424,29.970326069976387,31.19569365037834,0.3125
2078,25.78,5,0.5,0.5,0.7449292442532351,-156765.69979981272,-0.00219256425057226,0.0030044547398114575,28.75109367356017,37.741973987316555,0.3125
2079,25.79,5,0.5,0.5,0.4126240641195774,-156769.79261672107,-0.0024504362917228332,0.0024018035813177657,32.63661220288365,33.837504712143165,0.3125
2080,25.8,4,0.4,0.6,0.5022531778042827,-156779.72525763029,-0.0025829461373543007,0.002268655082551498,33.00233543665803,32.890886952616015,0.3125
2081,25.81,5,0.5,0.5,0.651251120633834,-156795.63791116013,-0.0021611962964284714,0.0026230419233892067,27.413349072341145,38.15859231778147,0.3125
2082,25.82,5,0.5,0.5,0.364959323403462,-156655.79213611953,-0.0021103571748129204,0.002437248263448667,28.71696245786384,34.41595330924227,0.3125
2083,25.83,5,0.5,0.5,0.5099985221055314,-156734.20939593232,-0.0023411885129010017,0.0022540286542190747,31.54319747079116,32.61043699022514,0.3125
2084,25.84,5,0.5,0.5,0.2184560955388442,-156747.24649414176,-0.00258637179912525,0.0024657115118473104,34.461000559704104,32.81976509280368,0.3125
2085,25.85,7,0.7000000000000001,0.29999999999999993,0.009173796578093597,-156852.87793193563,-0.0023303556669280446,0.002575085943868659,32.090226149781614,32.64022811850605,0.3125
2086,25.86,7,0.7000000000000001,0.29999999999999993,0.695481998803849,-156770.86169915737,-0.002156732442925267,0.0024726687162231324,28.72022575180056,32.53434095462879,0.3125
2087,25.87,7,0.7000000000000001,0.29999999999999993,0.3463216605684352,-156770.33629907304,-0.002228966303465018,0.002428615713329016,29.5223859645747,35.1346424184073,0.3125
2088,25.88,7,0.7000000000000001,0.29999999999999993,0.581079858675166,-156975.2362701771,-0.0023781039877879004,0.0026176351018922005,29.47100771662131,36.5496788444349,0.3125
2089,25.89,7,0.7000000000000001,0.29999999999999993,0.4177670269707052,-156848.97803575164,-0.0022445326135260403,0.0022936862437320264,31.47133836067957,35.70973283739608,0.3125
2090,25.9,6,0.6000000000000001,0.3999999999999999,0.5236633632720812,-156830.82902049634,-0.0023598089717993707,0.0023618417945897798,31.85847673504807,31.633613321326177,0.3125
2091,25.91,6,0.6000000000000001,0.3999999999999999,0.8871033918459659,-156766.3187379807,-0.002303983876114919,0.0024407510133191875,33.1067133444176,32.736910507357344,0.3125
2092,25.92,6,0.6000000000000001,0.3999999999999999,0.8383355168927672,-156750.00682471425,-0.002341412927047925,0.0022613405040855,30.23143509140658,29.20844062984895,0.3125
2093,25.93,6,0.6000000000000001,0.3999999999999999,0.7732755626043736,-156818.9402030305,-0.002376189549433155,0.0023173172601462597,32.28363522449596,34.2496386999433,0.3125
2094,25.94,5,0.5,0.5,0.26470382147525034,-156855.7909831493,-0.0023487741912726515,0.002844402181896989,29.64677858635553,38.359698936949265,0.3125
2095,25.95,7,0.7000000000000001,0.29999999999999993,0.2693878706106679,-156791.3453042484,-0.0023080018176553727,0.002530426743291562,31.378168821642564,35.70214360349521,0.3125
2096,25.96,6,0.6000000000000001,0.3999999999999999,0.5090794741534062,-156905.92859594274,-0.0023907422929533104,0.002227741808172517,32.26389793489038,31.100316743017803,0.3125
2097,25.97,6,0.6000000000000001,0.3999999999999999,0.28977839628372004,-156833.35950718034,-0.0021892218576423164,0.0022294373854354088,30.414408972419015,29.373153704171923,0.3125
2098,25.98,7,0.7000000000000001,0.29999999999999993,0.4458624830001377,-156905.01830188997,-0.0020196110832971037,0.002608555129986384,28.36564655254241,35.25858340852194,0.3125
2099,25.99,4,0.4,0.6,0.16989450077028123,-156768.3868249747,-0.0024856794878828706,0.002502397316242109,31.792541733031996,34.60605560559402,0.3125
2100,26.0,5,0.5,0.5,0.32199640218872805,-156829.59210939435,-0.0024384581383383635,0.002450500154147709,32.75624737975093,37.254046671781914,0.3125
2101,26.01,5,0.5,0.5,0.506329817262862,-156798.0748060012,-0.0023931856933396287,0.002375964567132479,32.287807935243286,33.286863633363474,0.3125
2102,26.02,5,0.5,0.5,0.40408183945472875,-156827.61525160397,-0.0021503966897175792,0.0024201144436846464,29.107342890044094,33.354611798884584,0.3125
2103,26.03,4,0.4,0.6,0.8769706336940961,-156848.2871840013,-0.002329695319681521,0.0024042192987968523,31.014196977955777,32.038271886319244,0.3125
2104,26.04,4,0.4,0.6,0.5598866814463422,-156786.5295151554,-0.00250132448378602,0.0025323766583014995,31.771223444981054,35.087730596804505,0.3125
2105,26.05,4,0.4,0.6,0.7706210219272229,-156767.4395301625,-0.0023594611087130184,0.002506484401513505,30.676322270985686,35.47851372342453,0.3125
2106,26.06,4,0.4,0.6,0.6960139699396092,-156776.76696954403,-0.002286124046854473,0.002631430373970643,31.136743930836204,38.271220075034435,0.3125
2107,26.07,5,0.5,0.5,0.4748621063223742,-156830.81001342717,-0.002296994453364133,0.00239315016300026,31.552834859781715,34.90873081372263,0.3125
2108,26.08,4,0.4,0.6,0.2788971095611131,-156753.97318863898,-0.002244958966874237,0.0022797104275640483,30.41293800621896,33.90496894909806,0.3125
2109,26.09,4,0.4,0.6,0.4944237228002239,-156809.51689053475,-0.0023251984302702284,0.0023371161894154583,31.21028885171805,34.34289526351922,0.3125
2110,26.1,4,0.4,0.6,0.5021334691124014,-156845.5819687063,-0.002456282345956453,0.0025293105551440773,30.83784043739848,33.688679312441394,0.3125
2111,26.11,3,0.30000000000000004,0.7,0.6168208407959994,-156811.03219453842,-0.002168366145428213,0.0024957839111823385,30.11137092911669,38.019940799889376,0.3125
2112,26.12,3,0.30000000000000004,0.7,0.7781210215535719,-156781.69282599684,-0.002287142697627341,0.0025035100750148863,29.592678022582664,35.14422415968874,0.3125
2113,26.13,5,0.5,0.5,0.06972153087809782,-156826.73814133034,-0.0024105450063072673,0.002336684409738831,32.16989110298942,35.3744146135977,0.3125
2114,26.14,6,0.6000000000000001,0.3999999999999999,0.3906016177098569,-156811.85285825413,-0.0023494999697005713,0.002396065478781142,30.51771992234847,34.27141052817894,0.3125
2115,26.15,6,0.6000000000000001,0.3999999999999999,0.5377817007607663,-156933.6943837735,-0.0023589627462986436,0.0025514907441000407,31.906727353933917,34.06596455596972,0.3125
2116,26.16,8,0.8,0.19999999999999996,0.1770363426983635,-156907.15920582978,-0.0022519216177477163,0.0026596399621912964,31.452688079039184,33.9858781179011,0.3125
2117,26.17,8,0.8,0.19999999999999996,0.8164034569118767,-156886.46454080305,-0.002297403333855543,0.00253491502836203,31.321114514396562,33.63904454808768,0.3125
2118,26.18,8,0.8,0.19999999999999996,0.7743779393926058,-156946.97897187766,-0.002458716708184741,0.002198916229474746,33.7817244193885,31.578844031723456,0.3125
2119,26.19,8,0.8,0.19999999999999996,0.7062761674101745,-156994.6249329761,-0.0022455336721071656,0.0023979172986478997,29.766768190633478,33.02379550729621,0.3125
2120,26.2,9,0.9,0.09999999999999998,0.7742453607983393,-156950.06478586802,-0.002253233282342576,0.002575141004443037,28.878905021433365,34.31681624428354,0.3125
2121,26.21,8,0.8,0.19999999999999996,0.1942569988139835,-156983.44156741828,-0.002242023390267959,0.0023289912291291574,31.56992364193804,31.388696585246205,0.3125
2122,26.22,8,0.8,0.19999999999999996,0.30135305839601306,-156971.1735182612,-0.0021415344350276355,0.0022651636602870544,30.766913124962418,30.922473135456325,0.3125
2123,26.23,7,0.7000000000000001,0.29999999999999993,0.5539608430687687,-156880.26640747787,-0.0023537324134945037,0.0026580166481936923,31.79533231720891,34.20972861221801,0.3125
2124,26.24,7,0.7000000000000001,0.29999999999999993,0.5192995792392416,-156867.4145554556,-0.0023416683238909174,0.0023716318699145236,32.9237652616461,33.55702023501785,0.3125
2125,26.25,7,0.7000000000000001,0.29999999999999993,0.6034377472899002,-156872.15745147842,-0.0022390589120064096,0.00237923448675848,29.400361846577432,34.03828986682368,0.3125
2126,26.26,5,0.5,0.5,0.13024097540406793,-156659.7478429379,-0.0023318421196160577,0.0025380875461416823,30.63493528874454,34.31989297030718,0.3125
2127,26.27,4,0.4,0.6,0.6255063924126972,-156795.14555961723,-0.0023370492212389724,0.0026917821565596027,31.055397448632633,37.61951903858215,0.3125
2128,26.28,4,0.4,0.6,0.5495620937244817,-156691.17623757847,-0.0024538097746063543,0.0024016361148983447,32.67313524146789,32.864030984941685,0.3125
2129,26.29,3,0.30000000000000004,0.7,0.8285204952124903,-156709.15474907428,-0.0023737713247666153,0.002468671342293477,31.289474703664137,34.2279899060962,0.3125
2130,26.3,4,0.4,0.6,0.2579753444003241,-156727.94513399652,-0.0022574500625891303,0.002270381200164576,29.53473693992703,32.30574240468596,0.3125
2131,26.31,5,0.5,0.5,0.5326297829206206,-156720.04173226436,-0.002316231233758353,0.002426167717149165,31.770930910008083,36.14470294603882,0.3125
2132,26.32,6,0.6000000000000001,0.3999999999999999,0.6292697641040544,-156806.4968079621,-0.0022648882765017577,0.002610002858697345,30.66294849936125,37.6602651062843,0.3125
2133,26.33,6,0.6000000000000001,0.3999999999999999,0.3470673244377637,-156755.9286813729,-0.002139864039213341,0.0026135815753622997,27.17004492750276,39.243248735796605,0.3125
2134,26.34,5,0.5,0.5,0.5303336665159496,-156801.0328686118,-0.002421103836764482,0.0023653453461087355,29.393537540045916,32.88930664204604,0.3125
2135,26.35,6,0.6000000000000001,0.3999999999999999,0.42627558207682137,-156737.46749721444,-0.0022924313886855093,0.0024900408751718957,28.071712165256514,32.48885047900104,0.3125
2136,26.36,6,0.6000000000000001,0.3999999999999999,0.7469466554528316,-156764.09826895987,-0.002073170622722833,0.0024489488104086424,27.68527358285115,32.86027208118303,0.3125
2137,26.37,5,0.5,0.5,0.3593104381042829,-156798.87539815065,-0.0023730244726354677,0.0026180732369964635,32.47766407924967,35.926839059518855,0.3125
2138,26.38,4,0.4,0.6,0.035493234762817606,-156746.442577369,-0.0025712342836270953,0.00251615335148085,33.23976034221042,37.21022916291887,0.3125
2139,26.39,6,0.6000000000000001,0.3999999999999999,0.38919418325416977,-156800.27468857088,-0.0024539178256159635,0.002380898304032493,29.52271271288178,34.915592559772605,0.3125
2140,26.4,5,0.5,0.5,0.5839545729847511,-156780.1877716946,-0.0022361362715940802,0.002521311741945746,27.2990113267268,34.86095237451764,0.3125
2141,26.41,5,0.5,0.5,0.3362708482091815,-156720.5759134977,-0.002206926683572791,0.0024554670391610037,26.956925887316554,30.86497666253027,0.3125
2142,26.42,5,0.5,0.5,0.41514975054162057,-156772.2669502398,-0.002155190790952564,0.0024351796781114745,30.532291281785845,34.40768406022404,0.3125
2143,26.43,3,0.30000000000000004,0.7,0.7372761721612964,-156815.26236237967,-0.0023552453373364523,0.002719571526681049,31.389242900571073,37.75934999416858,0.3125
2144,26.44,3,0.30000000000000004,0.7,0.7941420373646992,-156712.01513971688,-0.0023848632739738055,0.0026876679050956307,29.67252265000102,41.591857088849515,0.3125
2145,26.45,2,0.2,0.8,0.6940990004917301,-156789.06778793118,-0.0023434147829104824,0.002161035723888537,28.282030663515187,33.4794823823499,0.3125
2146,26.46,1,0.1,0.9,0.08965788783858765,-156902.67818227975,-0.0022274121814344896,0.00222792051909715,27.848040214000253,33.469324888243996,0.3125
2147,26.47,1,0.1,0.9,0.9050199624569253,-156781.52218041004,-0.002203922511994643,0.002652763610323874,28.89281087718994,37.27982533841622,0.3125
2148,26.48,1,0.1,0.9,0.9225933320319725,-156908.1154033144,-0.0023089415622120414,0.0028248939044361794,31.786599447156327,40.45803494004212,0.3125
2149,26.49,1,0.1,0.9,0.733138139358722,-156771.09022738566,-0.0026046294890087907,0.0024959605989093425,34.35684221613327,37.67952034339458,0.3125
2150,26.5,1,0.1,0.9,0.7670243401097563,-156906.9474195116,-0.0023662230885622693,0.0023448879346918213,30.78045638768949,37.99489971919113,0.3125
2151,26.51,2,0.2,0.8,0.6385408514510423,-156753.73660819838,-0.002199980050049038,0.002454560538534125,28.10812351451462,36.587371628428656,0.3125
2152,26.52,1,0.1,0.9,0.3393921331543071,-156856.9585328948,-0.0020275851906535773,0.002711506292345293,24.800539413082547,41.08374755702744,0.3125
2153,26.53,2,0.2,0.8,0.1984613304277355,-156846.6410484805,-0.002291549556551329,0.0023783263935664573,29.109698091963008,38.05629011075255,0.3125
2154,26.54,3,0.30000000000000004,0.7,0.6862042008148118,-156856.36260566104,-0.0026423481759870124,0.002496451444771731,33.403297412160825,39.379097723651654,0.3125
2155,26.55,3,0.30000000000000004,0.7,0.7781051913952651,-156819.29056602277,-0.0023291825171153696,0.002619644943160351,30.19742064195839,34.73596047233212,0.3125
2156,26.56,5,0.5,0.5,0.0941147588318431,-156751.89016063194,-0.0019041011389472017,0.002566547864069074,25.281165590065804,35.364083450311476,0.3125
2157,26.57,6,0.6000000000000001,0.3999999999999999,0.5377406049535158,-156975.50708680108,-0.0022424289743905213,0.002436878822621927,27.718548910265152,32.23049748879098,0.3125
2158,26.58,7,0.7000000000000001,0.29999999999999993,0.46353896570911146,-156888.2637022429,-0.0024951264812098444,0.002334310256591022,33.60782837525934,34.092692045112,0.3125
2159,26.59,7,0.7000000000000001,0.29999999999999993,0.6322162576738574,-156919.20969317356,-0.0024731061454373233,0.0023457221617360323,33.829940410158706,33.40685625881581,0.3125
2160,26.6,7,0.7000000000000001,0.29999999999999993,0.6529384397528833,-156942.16573062472,-0.002255391850360624,0.0025084510993953583,33.42720578628024,32.76420649323608,0.3125
2161,26.61,7,0.7000000000000001,0.29999999999999993,0.35576103153685623,-156913.27372629254,-0.0019978961132223905,0.002656154704801909,26.58486889186764,35.04418356589753,0.3125
2162,26.62,6,0.6000000000000001,0.3999999999999999,0.8241147119808668,-156807.14739886703,-0.0024947286314401834,0.0023777356440048054,30.717033014962567,31.004034425132602,0.3125
2163,26.63,6,0.6000000000000001,0.3999999999999999,0.754900094788673,-156915.4107277826,-0.002479666302190262,0.0022207079419068387,31.91662013867611,33.01855198830222,0.3125
2164,26.64,5,0.5,0.5,0.35591798079461073,-156877.37322800682,-0.002397477623476372,0.0026605955288970186,33.284377488452094,35.77445895031498,0.3125
2165,26.65,5,0.5,0.5,0.30570302242927694,-156908.39518514843,-0.0021351575904926586,0.0026635616570696357,31.855494673696587,36.14709968462175,0.3125
2166,26.66,4,0.4,0.6,0.7455358896925453,-156838.89120156155,-0.002160463477738181,0.002373387853084238,28.7902472326451,33.44370044093073,0.3125
2167,26.67,3,0.30000000000000004,0.7,0.7257879954209128,-156933.09440850478,-0.0024159390101596043,0.0021279077454452308,30.656698925541953,33.07101413329401,0.3125
2168,26.68,3,0.30000000000000004,0.7,0.6875201887255229,-156806.3522661732,-0.0022351799395121984,0.0024255017749449702,27.3837546665423,37.51362432815529,0.3125
2169,26.69,3,0.30000000000000004,0.7,0.3309101470257482,-156722.83663666382,-0.0022944653531604673,0.0025715946193501068,32.43862063994283,38.8466923729296,0.3125
2170,26.7,4,0.4,0.6,0.5831805311648368,-156816.5261584006,-0.002346261461246583,0.0025860516281693215,30.660157498090108,36.70171707222789,0.3125
2171,26.71,2,0.2,0.8,0.28576358856736117,-156793.26269894265,-0.002255408248613241,0.002382306485424519,32.49880159723723,34.86279568955592,0.3125
2172,26.72,2,0.2,0.8,0.3178140089595432,-156993.71261346128,-0.002473554036009948,0.0024684655623124,30.368823424083395,33.08588641617335,0.3125
2173,26.73,2,0.2,0.8,0.7425527914681561,-156817.76477530942,-0.0024808393386281935,0.0023712163292973105,33.25441593860755,36.314010509980456,0.3125
2174,26.74,3,0.30000000000000004,0.7,0.6139660786587277,-156832.01270672312,-0.0023509056898914048,0.0023546036332585435,29.9980675306155,34.73401336915426,0.3125
2175,26.75,3,0.30000000000000004,0.7,0.6280479305002545,-156779.29713605606,-0.002141326059526554,0.0025995308509012935,27.912788526364917,38.13262738415523,0.3125
2176,26.76,3,0.30000000000000004,0.7,0.5565012200051923,-156838.74347849924,-0.0022993513747407053,0.002510274640468488,30.954054267938712,34.506924225098885,0.3125
2177,26.77,3,0.30000000000000004,0.7,0.3865514279926725,-156830.85575481143,-0.0022822202864291067,0.002528268895323896,29.43613252889151,38.14899580347888,0.3125
2178,26.78,3,0.30000000000000004,0.7,0.11709084347159913,-156724.20539115253,-0.0025411871553755756,0.002222300023460257,34.76998378703287,34.000316914947305,0.3125
2179,26.79,4,0.4,0.6,0.33456983553238184,-156859.26768881688,-0.0022753366555159082,0.0025046765045860604,29.62963302125783,38.79784279606343,0.3125
2180,26.8,4,0.4,0.6,0.8344501209475697,-156814.64578013116,-0.002004885719940495,0.002439846942984658,28.43135942576596,35.451055523946266,0.3125
2181,26.81,5,0.5,0.5,0.34592631602037427,-156819.53225792065,-0.002286452092699418,0.0023262549235984423,29.853801638743136,34.37212514184209,0.3125
2182,26.82,4,0.4,0.6,0.3787847766909399,-156803.80696689687,-0.00276682721420952,0.0023255995610214713,36.264930072804304,31.70508237156354,0.3125
2183,26.83,4,0.4,0.6,0.7810839548709233,-156753.61707997383,-0.0020835962149739623,0.002771815209686699,27.69968315569849,37.86388491420283,0.3125
2184,26.84,4,0.4,0.6,0.746481156784493,-156850.3941948105,-0.0023545634470889983,0.002502779124550253,30.609798201455266,34.017825628616855,0.3125
2185,26.85,4,0.4,0.6,0.6492551711489407,-156748.37275863154,-0.0024578069583166425,0.002426532624199579,31.19884793197534,35.52975570775344,0.3125
2186,26.86,4,0.4,0.6,0.37305535528917483,-156851.81276214527,-0.0022221646082786974,0.0023092811840119023,29.568675605140974,35.2598268662983,0.3125
2187,26.87,4,0.4,0.6,0.40912078991460776,-156804.33448891062,-0.0023592697226802795,0.002588966233340699,31.295680052352704,34.772549529171755,0.3125
2188,26.88,4,0.4,0.6,0.38285577059536896,-156881.87663127715,-0.0023392888173679343,0.002351462369122732,32.842949735516235,34.89432046578026,0.3125
2189,26.89,6,0.6000000000000001,0.3999999999999999,0.2973086072638994,-156791.77264891381,-0.0023658053030390456,0.002431336175091529,31.62263067078016,33.65468416810568,0.3125
2190,26.9,6,0.6000000000000001,0.3999999999999999,0.705109307162166,-156907.89653153278,-0.002146016886093072,0.0024379098271636226,28.360700638836654,36.79121910664904,0.3125
2191,26.91,5,0.5,0.5,0.47005402498380644,-156781.57238811525,-0.0022412125599153565,0.002463005462795431,28.693540374623947,34.84002782575279,0.3125
2192,26.92,5,0.5,0.5,0.46472159775966776,-156844.7916447504,-0.002324304619544422,0.002398629684857068,31.40807611220494,33.78648094595877,0.3125
2193,26.93,6,0.6000000000000001,0.3999999999999999,0.6830503549845917,-156928.0368353728,-0.0023574072367919885,0.0025245923712168827,31.712287161067263,33.37391216730284,0.3125
2194,26.94,5,0.5,0.5,0.17876190085222096,-156796.55318642574,-0.0023557836838910633,0.0025140814517116447,31.532159899653585,34.88612118654101,0.3125
2195,26.95,4,0.4,0.6,0.4611763828293196,-156808.88414416867,-0.0023882401924124603,0.0022963856119897624,31.64963922242473,32.56387954841082,0.3125
2196,26.96,3,0.30000000000000004,0.7,0.7497899872076922,-156860.36369761833,-0.0022930045712149963,0.002522715593285037,30.604547989912582,35.42009196920136,0.3125
2197,26.97,3,0.30000000000000004,0.7,0.6853485068301501,-156842.96340231274,-0.0023735544466184956,0.0025101889895145528,30.432793867863978,36.058746666018536,0.3125
2198,26.98,3,0.30000000000000004,0.7,0.615666911770999,-156887.546293329,-0.00247524489865769,0.0023136377203861725,31.9657443758751,33.066016696024725,0.3125
2199,26.99,4,0.4,0.6,0.07603314629164873,-156789.2153570318,-0.00217254970284304,0.002572786678855362,27.63063697894523,37.491549937482084,0.3125
2200,27.0,2,0.2,0.8,0.7762864283247163,-156935.48009620977,-0.002255285556853469,0.002547987327251014,29.629561571022407,37.28443205822036,0.3125
2201,27.01,2,0.2,0.8,0.18228142503323058,-156817.54344361037,-0.0024092423119152265,0.0022824896644463273,34.292709277123876,35.35543068759686,0.3125
2202,27.02,2,0.2,0.8,0.8138755152706231,-156921.28724723248,-0.002297500975455723,0.002493886573701922,31.4250560754321,39.126566346055306,0.3125
2203,27.03,2,0.2,0.8,0.6046264293671254,-156960.70612686407,-0.0022465147049483642,0.002542039279693385,30.099395970300485,39.313555157838586,0.3125
2204,27.04,2,0.2,0.8,0.35850946423966384,-156944.9368202221,-0.0023441426861914227,0.0023351270433743603,27.738827411068808,33.717726302568025,0.3125
2205,27.05,2,0.2,0.8,0.3483222113248787,-156922.4489221185,-0.002297546330865431,0.00214924151805162,30.944146665568887,33.68713075692256,0.3125
2206,27.06,2,0.2,0.8,0.5434395406004061,-156825.56464585962,-0.0023426096311626064,0.0025362317960572157,29.813205784689313,36.36946817292269,0.3125
2207,27.07,3,0.30000000000000004,0.7,0.7598947517303576,-156867.6328261775,-0.002453388298077445,0.0026433553328801974,33.644276370809514,40.28407143831535,0.3125
2208,27.08,3,0.30000000000000004,0.7,0.4411450834259512,-156946.66517263078,-0.0022193506701963283,0.00245885737126003,29.29685751952353,36.12207787342621,0.3125
2209,27.09,2,0.2,0.8,0.23180427812765933,-156921.49534367077,-0.002432169372832272,0.0023759114565872885,32.65974827297977,34.754868452892,0.3125
2210,27.1,3,0.30000000000000004,0.7,0.21965622813462973,-156884.79588110052,-0.0022249438838146444,0.002352833831345012,28.483920126260177,33.50987074844536,0.3125
2211,27.11,1,0.1,0.9,0.3217817908634495,-156959.90359859052,-0.0022763096857105953,0.0023870627634299405,30.661249317744215,35.81997345605404,0.3125
2212,27.12,1,0.1,0.9,0.8607205163942119,-156885.8053842164,-0.0025394125623488598,0.0026425608859901428,31.816824146262537,37.2768555695611,0.3125
2213,27.13,1,0.1,0.9,0.9841295354483258,-156915.467175957,-0.002233134414709662,0.002274090861989191,31.69519207243467,37.65515575638949,0.3125
2214,27.14,0,0.0,1.0,0.6145389152095871,-157140.17653371478,-0.0022417782276864685,0.0025821727488464213,29.07195230374116,39.42410760222403,0.3125
2215,27.15,0,0.0,1.0,0.9991415293072332,-157066.25055513313,-0.002406107074105351,0.002569885796922017,30.628775260143332,39.87317399783096,0.3125
2216,27.16,0,0.0,1.0,0.9999999989953301,-157239.40609226376,-0.0023692056019981077,0.0021588913585030654,30.59439824286854,33.24915213636551,0.3125
2217,27.17,0,0.0,1.0,0.9999998567524134,-157123.97097786656,-0.002233832419465279,0.0021045154757288525,28.777017829188374,31.59392366716015,0.3125
2218,27.18,0,0.0,1.0,0.9999999759956569,-157141.17281941025,-0.002353230420355702,0.002645241661815687,33.90056985877527,37.61554900678738,0.3125
2219,27.19,0,0.0,1.0,0.999999999835989,-157187.73583161764,-0.002600721411603002,0.0028636994676053845,33.715313401266556,39.02120161144286,0.3125
2220,27.2,0,0.0,1.0,0.9999999999966298,-157164.74596741042,-0.002502609302409471,0.0022138999678323105,31.451610138492445,33.61804260462189,0.3125
2221,27.21,0,0.0,1.0,0.9999999999550089,-157159.56393840502,-0.0025280045817167467,0.0021740746869081456,30.92047636608838,34.29386946554897,0.3125
2222,27.22,0,0.0,1.0,0.9999999999990272,-157166.82095468935,-0.002511876881642174,0.002646857850538779,30.36397684474429,38.93033670466229,0.3125
2223,27.23,0,0.0,1.0,0.9999999998848528,-157209.93109316903,-0.0021618038506162206,0.0025022604463511705,30.019785252645164,38.48267508994742,0.3125
2224,27.24,0,0.0,1.0,0.9999999996506885,-157126.01356706533,-0.0027375318738704878,0.0024404687530703807,37.97700519216785,37.26671833344745,0.3125
2225,27.25,0,0.0,1.0,0.9999999999857034,-157220.14055798252,-0.002890547079705793,0.002378473881091609,38.35093597266677,33.525599991710735,0.3125
2226,27.26,0,0.0,1.0,0.9999999859135766,-157202.4222884253,-0.0022294435606173115,0.0024278668276446315,31.009896088670537,35.77863915295756,0.3125
2227,27.27,0,0.0,1.0,0.9999999999709133,-157131.1359169591,-0.002378834307312836,0.0026668457268464677,29.83293554533807,35.72421707837909,0.3125
2228,27.28,0,0.0,1.0,0.9999999278335684,-157094.61380370765,-0.0023981146797319116,0.00237977317410097,33.07326898635935,36.98338637492404,0.3125
2229,27.29,0,0.0,1.0,0.9999999986412804,-157110.2611601298,-0.002861343996510428,0.0024348889261833727,35.671148934817865,36.876954705340836,0.3125
2230,27.3,0,0.0,1.0,0.9999999997468252,-157230.61975497715,-0.002785450257865835,0.002469364836439482,36.86897146878819,38.37386227737446,0.3125
2231,27.31,0,0.0,1.0,0.9999999990042274,-157181.58988440572,-0.0024764823181466613,0.0024993582822143983,35.51577561728221,36.22178985368063,0.3125
2232,27.32,0,0.0,1.0,0.9999999995020574,-157154.025948052,-0.0024833276153341053,0.0026418090946049907,33.48340195361456,37.30981447199695,0.3125
2233,27.33,0,0.0,1.0,0.9999999999943843,-157108.4310094446,-0.0024584212153128653,0.0022731605042871582,32.98387956373689,32.891237598313005,0.3125
2234,27.34,0,0.0,1.0,0.9999999988571184,-157209.3854871195,-0.002637386559341614,0.0023170584601330227,34.45229712143039,35.72893014200397,0.3125
2235,27.35,0,0.0,1.0,0.9999999995006805,-157206.51846033282,-0.0028628325724889565,0.0027276728156015915,34.02517303787124,37.873365847351,0.3125
2236,27.36,0,0.0,1.0,0.9999999853704098,-157242.6352448247,-0.0023592727753143222,0.002363560651369739,34.31165038357139,36.81433620111061,0.3125
2237,27.37,0,0.0,1.0,0.9999999864565603,-157198.14438307146,-0.002615043454445678,0.0023035662007100132,36.66909872925244,31.481302843644798,0.3125
2238,27.38,0,0.0,1.0,0.9999999997659359,-157167.78440647616,-0.002673304465005786,0.002693415339801377,35.35319127363505,37.841569868021935,0.3125
2239,27.39,0,0.0,1.0,0.999999973011796,-157181.0910742898,-0.0022921253471097107,0.0025043691297487788,29.24564406596957,36.68776426933962,0.3125
2240,27.4,0,0.0,1.0,0.9999999658635761,-157228.98044565346,-0.002664257264724287,0.0025320797431786527,32.52634892069248,38.071304697708975,0.3125
2241,27.41,0,0.0,1.0,0.9999827201218787,-157238.06405757504,-0.0024036989921664676,0.0023605169412662585,29.783028484284735,35.52158575913329,0.3125
2242,27.42,0,0.0,1.0,0.999930264489907,-157186.71815599513,-0.002237718419148623,0.0022074564941245104,30.15277913764368,34.88694178300242,0.3125
2243,27.43,0,0.0,1.0,0.999921805808079,-157232.13734517238,-0.002571527589038854,0.0024320055332044542,33.74165065471303,34.745442628532786,0.3125
2244,27.44,0,0.0,1.0,0.9962130333735313,-157086.87303025997,-0.002400733557137294,0.00248109745661302,33.895941915292234,36.240104117888464,0.3125
2245,27.45,0,0.0,1.0,0.952215229341645,-157088.9691097799,-0.0023260272737069894,0.0024954373823751824,30.42118947112477,37.10065285113719,0.3125
2246,27.46,0,0.0,1.0,0.9994279247279478,-157221.13796035244,-0.002300006767896742,0.0022815367797526325,29.330464160610088,35.37251595460935,0.3125
2247,27.47,0,0.0,1.0,0.9988773043388051,-157199.77032424542,-0.0022235056255506345,0.002379890333615326,27.712047118745275,34.40364953072469,0.3125
2248,27.48,0,0.0,1.0,0.9507930005675592,-157166.37678413946,-0.002284911188246455,0.002405046669110806,27.529245971938035,34.4190429614202,0.3125
2249,27.49,0,0.0,1.0,0.998703600913121,-157116.81570641507,-0.002444501155368319,0.0024252870873698357,30.97813799330832,36.410064785912844,0.3125
2250,27.5,0,0.0,1.0,0.9203866290104087,-157091.12659288335,-0.002651627081769177,0.0023561210673978673,33.60068684031288,35.28744385400441,0.3125
2251,27.51,0,0.0,1.0,0.9902294453679588,-157172.1532661844,-0.0022581249334837185,0.0022548657252652498,29.73429519367826,34.37383112436812,0.3125
2252,27.52,0,0.0,1.0,0.9983636134590014,-157227.50472009796,-0.0019151299951563863,0.0024525110271373623,27.073380956025154,36.53464900071649,0.3125
2253,27.53,0,0.0,1.0,0.9997915776058713,-157169.63189016175,-0.002372245290105104,0.002504496585412546,32.23510947429085,35.472541360268146,0.3125
2254,27.54,0,0.0,1.0,0.9999637397441619,-157172.8027199717,-0.0025999296841255322,0.002244108328263306,34.19148135253084,34.77724720871217,0.3125
2255,27.55,0,0.0,1.0,0.9999800454064987,-157157.63104501678,-0.002645011990071255,0.00246029382089736,32.789193413016775,37.72199154821754,0.3125
2256,27.56,0,0.0,1.0,0.9999860619841097,-157218.89403105545,-0.002564060695298659,0.002471036542108633,33.7974151204535,36.30548860691531,0.3125
2257,27.57,0,0.0,1.0,0.9998985764511261,-157246.52544806345,-0.0020668592725273417,0.002459717540948245,27.743878912053447,37.27948084182154,0.3125
2258,27.58,0,0.0,1.0,0.9999998878220645,-157131.51063373438,-0.002477435899387255,0.0023923581551515615,32.47885771679519,35.507827700422546,0.3125
2259,27.59,0,0.0,1.0,0.9999988564258294,-157181.52791082967,-0.0027920788274093077,0.002366208427168061,33.974721736423135,36.450198699797625,0.3125
2260,27.6,0,0.0,1.0,0.9999999621694372,-157117.25300014333,-0.0026765696404165706,0.0024228131852927423,35.04402483781722,35.17038089072196,0.3125
2261,27.61,0,0.0,1.0,0.9999995728292059,-157147.4182740663,-0.002503609317355629,0.0026640613897214067,32.59835570309993,35.70525825487855,0.3125
2262,27.62,0,0.0,1.0,0.9999993240316825,-157268.67069869253,-0.0025815141726261794,0.0024515366500607615,34.95735623616094,36.04457683492128,0.3125
2263,27.63,0,0.0,1.0,0.9999759021238844,-157155.91278598772,-0.0024906158973879732,0.0025089230469585574,33.2191335856957,39.18928147824217,0.3125
2264,27.64,0,0.0,1.0,0.9997961333797689,-157137.07296396446,-0.0025788184917198112,0.0023370567784890125,34.948784059213295,35.37642921658422,0.3125
2265,27.65,0,0.0,1.0,0.9999696889216267,-157171.67725427425,-0.0026561015513219413,0.0024600594441444253,37.50020627403876,36.318303829526215,0.3125
2266,27.66,0,0.0,1.0,0.9999770426854164,-157108.3271693762,-0.002523707249079277,0.0024747137866230704,36.04977929820508,34.647484791901775,0.3125
2267,27.67,0,0.0,1.0,0.9998405351923907,-157247.43349830867,-0.002663460980139499,0.002474505512025888,35.93371404003483,36.9477833151941,0.3125
2268,27.68,0,0.0,1.0,0.9999876781445319,-157312.8675987437,-0.00261348642628426,0.002293980771799168,36.57234092064868,35.20116196285287,0.3125
2269,27.69,0,0.0,1.0,0.999984178436827,-157104.86609320095,-0.00250487323318492,0.0026187972202485208,33.54669424448619,37.98346069807291,0.3125
2270,27.7,0,0.0,1.0,0.999989519364613,-157198.74561112124,-0.002499120840660691,0.002530122108728039,32.02923444371036,35.637871993956445,0.3125
2271,27.71,0,0.0,1.0,0.9997535145829045,-157162.26554763142,-0.0024096762679515,0.002392217239525165,30.512606611964372,37.13816863344802,0.3125
2272,27.72,0,0.0,1.0,0.9999602253929716,-157203.0202002242,-0.0028230942975511404,0.0025452123311595068,33.02445501782639,36.652441214167474,0.3125
2273,27.73,0,0.0,1.0,0.999849965182075,-157115.07230379785,-0.0023537482475575137,0.002381183055831684,29.46203228355522,36.395338149458894,0.3125
2274,27.74,0,0.0,1.0,0.9616389888545313,-157158.11069785792,-0.0024035004887831154,0.0024341870332606234,31.964384500961536,35.769674435663,0.3125
2275,27.75,0,0.0,1.0,0.9936872769550078,-157108.68499199644,-0.00262312634732848,0.0025793393096905474,33.685594461390714,35.86392724834741,0.3125
2276,27.76,0,0.0,1.0,0.9914997731122372,-157224.1329430914,-0.0020778188587681147,0.0022985125314595152,29.610880319321044,36.16970112075795,0.3125
2277,27.77,0,0.0,1.0,0.8565015525301403,-157187.33233303463,-0.0025936523999887154,0.002469668864398528,33.69709517976153,35.99520471018032,0.3125
2278,27.78,1,0.1,0.9,0.9338770150786189,-156960.7224532617,-0.002746915903458821,0.002284526874445937,34.993067049270465,33.19000568588544,0.3125
2279,27.79,1,0.1,0.9,0.9997413434990885,-156914.08060169689,-0.0018412610277322324,0.0022333677405473006,26.35539832283645,34.93831841609344,0.3125
2280,27.8,1,0.1,0.9,0.9960775865252139,-156966.29393825837,-0.0023027884551607915,0.00295144796508655,26.96630286085214,40.53791496417964,0.3125
2281,27.81,1,0.1,0.9,0.982015620386209,-156963.57379800358,-0.002622398350624257,0.0022072814223997273,31.828038595239647,37.74894353691355,0.3125
2282,27.82,1,0.1,0.9,0.9968073079677852,-156883.51053296818,-0.0022283550738737626,0.0020171188149467477,27.481480072612534,35.172211353434825,0.3125
2283,27.83,2,0.2,0.8,0.30549016320116607,-156899.08305866015,-0.002308107676558088,0.00271208498161461,28.03353273449408,39.25888602397689,0.3125
2284,27.84,1,0.1,0.9,0.7966481255061173,-156908.9974946525,-0.002106548571866075,0.0025002413022425416,28.66346344753794,37.24284790444765,0.3125
2285,27.85,1,0.1,0.9,0.9993488879987682,-156881.32358954108,-0.0023483449026514775,0.0022806826405469974,29.85833446210483,35.338100782545084,0.3125
2286,27.86,1,0.1,0.9,0.9997594896256388,-156906.97476397819,-0.002392628474718819,0.0023937971725388977,30.336005985839137,38.48921275117184,0.3125
2287,27.87,1,0.1,0.9,0.968314860187028,-156929.36061111177,-0.0023813470481511873,0.0026410894906755255,29.769740800928037,38.506444141071206,0.3125
2288,27.88,1,0.1,0.9,0.9820338548741876,-156910.4067634432,-0.0021381537054258556,0.0025565263578112302,27.030406061614393,38.33282033112459,0.3125
2289,27.89,1,0.1,0.9,0.7691012424042366,-157015.44160838277,-0.002191677444865194,0.002053602625681431,30.41993561607797,33.764654459387046,0.3125
2290,27.9,1,0.1,0.9,0.9955746926811465,-156951.20267199873,-0.0026113495013156476,0.002353600122917377,33.58884170306028,34.74599518872648,0.3125
2291,27.91,1,0.1,0.9,0.9979066206618665,-156953.282301754,-0.0022553426216275255,0.002726519157236696,28.61398494239869,40.34394754991354,0.3125
2292,27.92,1,0.1,0.9,0.9913378036030613,-156843.19755201705,-0.002198534161319118,0.0023349245664556592,29.452096357500626,37.14456938889062,0.3125
2293,27.93,1,0.1,0.9,0.7782563676178237,-156968.44789668062,-0.0026683157763221234,0.0024842096721696535,33.59671618951805,38.202397027834486,0.3125
2294,27.94,1,0.1,0.9,0.3040652394647182,-156888.20259986588,-0.002151077117921052,0.0025689635710314873,26.125403158381744,38.271795477819,0.3125
2295,27.95,1,0.1,0.9,0.9987699904307535,-156851.20493042478,-0.002066125112945889,0.002395614353236938,26.099462347366742,37.6387322425755,0.3125
2296,27.96,1,0.1,0.9,0.9980099198368299,-157046.74650393697,-0.0024295832768790066,0.0023417012426901777,29.92697313273749,35.11652101639308,0.3125
2297,27.97,1,0.1,0.9,0.7512274379052442,-157067.02281648974,-0.0024410560171655234,0.002471542461916543,31.633978614365958,38.9729286429061,0.3125
2298,27.98,1,0.1,0.9,0.4486848406638168,-156976.02171348818,-0.0023190337027235524,0.0026385925224270378,30.037728308867152,41.526647229990914,0.3125
2299,27.99,1,0.1,0.9,0.9267177963944498,-156867.31437565316,-0.002327726619439005,0.0023759616518226195,32.018293462856874,37.11211340868659,0.3125
2300,28.0,1,0.1,0.9,0.9903222765887773,-156980.47056746832,-0.002245361606854589,0.0024293558336433837,28.690829039593694,37.45392896967981,0.3125
2301,28.01,1,0.1,0.9,0.9416317921931278,-157007.85488758035,-0.0025489953541710246,0.0022429650489999607,31.52647521799185,33.27259732811908,0.3125
2302,28.02,2,0.2,0.8,0.9678622432776184,-156928.2651922399,-0.002468896044353767,0.0023266067761076835,30.526939585787034,35.22330811698346,0.3125
2303,28.03,2,0.2,0.8,0.7361170056568802,-156889.02593767399,-0.0021806512755911393,0.0028479631850499404,27.656195403968173,44.625752272027476,0.3125
2304,28.04,2,0.2,0.8,0.9539446822259542,-156885.10632766524,-0.0023347177877444947,0.0023798223143612373,29.51164020887032,37.37681536328257,0.3125
2305,28.05,3,0.30000000000000004,0.7,0.494663560258923,-156982.4568561042,-0.0022034969352107744,0.002180195545707372,28.393877199790488,36.356368956416134,0.3125
2306,28.06,2,0.2,0.8,0.311113834973445,-156881.2446642731,-0.002327495084833013,0.002417963793379786,27.951948357221877,34.00851026212408,0.3125
2307,28.07,3,0.30000000000000004,0.7,0.802763312710276,-156789.5729738897,-0.0024859924612470863,0.002548204937492798,30.294193346529187,35.43106029138818,0.3125
2308,28.08,3,0.30000000000000004,0.7,0.4989530502500939,-156858.4789469357,-0.0025355713983609878,0.002495233981373247,32.8781346739956,35.17032966829671,0.3125
2309,28.09,2,0.2,0.8,0.39755860532534626,-156975.56174538,-0.002149972395104161,0.0023743667323505267,27.95625934994764,37.02310884932962,0.3125
2310,28.1,2,0.2,0.8,0.8089708285662236,-156835.41134954325,-0.002302500420891468,0.0024477546171368693,28.3607920670667,36.08885179521743,0.3125
2311,28.11,2,0.2,0.8,0.8698063824612616,-156875.22997319238,-0.002102801988332366,0.002474198386013696,26.536429811722225,39.8563373687627,0.3125
2312,28.12,2,0.2,0.8,0.869431024145767,-156896.6937039934,-0.002579428471454306,0.0024258746510918395,31.096130421339517,35.41777591086301,0.3125
2313,28.13,2,0.2,0.8,0.5099625777601712,-156942.1768040935,-0.0026545617935767804,0.0024014727893650724,35.6209060278489,35.844880188173605,0.3125
2314,28.14,3,0.30000000000000004,0.7,0.7410405633865076,-156713.17193204537,-0.0023234163723555756,0.0025883144830370864,30.15400790944636,36.353125917847876,0.3125
2315,28.15,3,0.30000000000000004,0.7,0.6223008529403548,-156929.88022168423,-0.0019964013284730444,0.0025015203502461573,25.7761901816323,36.24444015062869,0.3125
2316,28.16,2,0.2,0.8,0.7479542317641228,-156943.33806645387,-0.002212339423439297,0.0022815368658652747,25.556963864688917,35.09950507765798,0.3125
2317,28.17,2,0.2,0.8,0.43014712271052447,-156940.0355134674,-0.00267670755404596,0.002179536377900415,31.018303524702567,35.425375162182725,0.3125
2318,28.18,3,0.30000000000000004,0.7,0.6067018825809912,-156892.534209071,-0.002504520154551499,0.0025536586376047393,31.465691685125517,39.68110833547243,0.3125
2319,28.19,4,0.4,0.6,0.614968096917239,-156816.62217268438,-0.0022180741431877663,0.002665443887504587,29.848116416410058,37.64034004935322,0.3125
2320,28.2,4,0.4,0.6,0.5374693265616162,-156925.92137320855,-0.0021534304667163505,0.002517436768334205,26.135554419526624,35.687122660930896,0.3125
2321,28.21,3,0.30000000000000004,0.7,0.6889203716527666,-156839.27834692784,-0.0022900275161961544,0.0020419887667589304,27.650870358996855,30.04944934728557,0.3125
2322,28.22,3,0.30000000000000004,0.7,0.5839158641342118,-156901.78311471772,-0.0024800717529427593,0.002450494601308889,29.43851786422283,37.27622705083867,0.3125
2323,28.23,3,0.30000000000000004,0.7,0.45989789436978323,-156874.37825455752,-0.002385598694928705,0.0025796538117878135,29.67462925116911,37.86885867087369,0.3125
2324,28.24,3,0.30000000000000004,0.7,0.4681631343658341,-156961.91299674474,-0.0023666588815529498,0.0025508502833743512,32.41217119258999,37.63152270645675,0.3125
2325,28.25,4,0.4,0.6,0.30313796590195147,-156892.61531902768,-0.002290720851012617,0.0022300376748613025,29.78814568652373,32.353644953956376,0.3125
2326,28.26,5,0.5,0.5,0.23623244093407134,-156939.09420412697,-0.0021707347761345283,0.002350961724441096,27.80589973264147,33.05040406258511,0.3125
2327,28.27,6,0.6000000000000001,0.3999999999999999,0.3352480745378367,-156870.12028542484,-0.002304370801153593,0.0026717034519534067,26.43679168201083,37.46047523845482,0.3125
2328,28.28,5,0.5,0.5,0.5033339532650166,-156930.28496206776,-0.0024678057726868472,0.0024647640766656542,29.135253000888504,36.72216275607139,0.3125
2329,28.29,5,0.5,0.5,0.4485043991033688,-156862.52494974106,-0.002465114204880655,0.002272228574265332,31.05096138323713,33.4737125033116,0.3125
2330,28.3,6,0.6000000000000001,0.3999999999999999,0.6369013123373661,-156904.9948295766,-0.0023895788692915483,0.0024520154440625355,30.527363900856614,32.03634315249709,0.3125
2331,28.31,6,0.6000000000000001,0.3999999999999999,0.6348226273147172,-156805.67073330426,-0.002159458919990875,0.00248201124020629,29.15522990018654,32.761831287451365,0.3125
2332,28.32,7,0.7000000000000001,0.29999999999999993,0.7155929931035787,-157098.94662046622,-0.002515512782324785,0.002375467096655745,32.68205619201766,32.06196580955224,0.3125
2333,28.33,7,0.7000000000000001,0.29999999999999993,0.6336661271828161,-156851.15305845652,-0.0024682861336612957,0.0025130711630317604,28.718165851532135,36.301190186099845,0.3125
2334,28.34,8,0.8,0.19999999999999996,0.02084098887491779,-157056.31346141212,-0.0022671252540868805,0.0024838570067743536,25.527947457302194,35.13573760262157,0.3125
2335,28.35,8,0.8,0.19999999999999996,0.5604993456933074,-156965.95919825818,-0.001955885004919341,0.0022761228697611366,24.734320032014544,33.33038862963375,0.3125
2336,28.36,8,0.8,0.19999999999999996,0.4730765681001859,-157082.46061840514,-0.0023177917558682426,0.002409546376265311,30.049150112516333,32.28991523959484,0.3125
2337,28.37,9,0.9,0.09999999999999998,0.31980858452336686,-157125.63323972843,-0.002618842211662796,0.0026535179587787406,34.67529167424225,35.01902131276092,0.3125
2338,28.38,9,0.9,0.09999999999999998,0.829338572409082,-157192.56503410093,-0.0024064185604836426,0.002450792620213477,29.23609355419302,31.799964420877902,0.3125
2339,28.39,9,0.9,0.09999999999999998,0.813741208602013,-157094.6181344768,-0.002247423927385305,0.0023637395466327427,26.34951848340953,30.922511889967904,0.3125
2340,28.4,9,0.9,0.09999999999999998,0.8378190893453755,-157232.7772162823,-0.002372431817702965,0.002305593046108087,28.778999334004325,30.33340973001634,0.3125
2341,28.41,9,0.9,0.09999999999999998,0.6522467120834046,-157176.42386522176,-0.002329224676644795,0.002258156906232881,31.56167161537576,29.713406942772384,0.3125
2342,28.42,9,0.9,0.09999999999999998,0.6518085364845456,-157087.66138008982,-0.0024725097631182694,0.002518797769041727,34.16996568469608,32.53093621878361,0.3125
2343,28.43,9,0.9,0.09999999999999998,0.5919349834902669,-157154.78951635433,-0.002389263931206313,0.0027600554383662105,29.107498407246684,35.165316123937856,0.3125
2344,28.44,9,0.9,0.09999999999999998,0.820501330929015,-157237.06163087045,-0.0024561122303904544,0.002314056765184526,29.166541109459537,31.005112677681655,0.3125
2345,28.45,8,0.8,0.19999999999999996,0.8119918354592153,-157039.2862515179,-0.002441769932049014,0.002122908198083943,29.35778579982283,29.10794934226493,0.3125
2346,28.46,8,0.8,0.19999999999999996,0.7130251972371939,-156990.86877962842,-0.0023935961046463263,0.0024076745143732457,30.585009537947858,31.685795674116417,0.3125
2347,28.47,7,0.7000000000000001,0.29999999999999993,0.6274185201847851,-157024.11863630396,-0.0021521785517767383,0.002814135273676478,27.5392635537047,36.18171933157713,0.3125
2348,28.48,6,0.6000000000000001,0.3999999999999999,0.6283076291401306,-156930.05438386655,-0.002305359711539302,0.002198662302428966,30.39196045721963,30.898870890254326,0.3125
2349,28.49,7,0.7000000000000001,0.29999999999999993,0.27695019158905443,-157009.00288277294,-0.0025988160475579718,0.00235722795888084,30.150192278792165,34.42022703955602,0.3125
2350,28.5,5,0.5,0.5,0.4967422778161154,-156875.76387328794,-0.0025384245461636088,0.0025643755709708707,29.864274998341827,36.48070131413034,0.3125
2351,28.51,5,0.5,0.5,0.41868726201990203,-156921.89977231476,-0.0020098299626930658,0.002475763132035884,25.116503914170835,35.31680431578665,0.3125
2352,28.52,6,0.6000000000000001,0.3999999999999999,0.2855571688421756,-157000.8903794081,-0.002284228311747056,0.002305907892951832,30.232909631371506,32.4050681116201,0.3125
2353,28.53,5,0.5,0.5,0.33060783185678516,-156825.4641686702,-0.0024427583442778547,0.002427256156111733,30.59402542033568,34.2041673513626,0.3125
2354,28.54,5,0.5,0.5,0.1961848094259029,-156876.75425860437,-0.002263025327889576,0.0023412917308349677,29.171999464455016,34.723635874334896,0.3125
2355,28.55,6,0.6000000000000001,0.3999999999999999,0.5723034695628492,-157018.23176928406,-0.0026622922799181075,0.002429284198904645,31.475559502116177,35.49134803409592,0.3125
2356,28.56,7,0.7000000000000001,0.29999999999999993,0.41026699452590343,-157003.86907406396,-0.00262425803189396,0.0023522205912472243,31.918885983344246,33.18199382988963,0.3125
2357,28.57,7,0.7000000000000001,0.29999999999999993,0.6506309726903261,-157032.07556548427,-0.0018992888212546553,0.002451970235725268,24.859951757750327,33.30683884975173,0.3125
2358,28.58,6,0.6000000000000001,0.3999999999999999,0.33368368118772485,-156887.30430609215,-0.0023580284712813927,0.0027112679131412742,29.990044430346668,34.422617361547296,0.3125
2359,28.59,7,0.7000000000000001,0.29999999999999993,0.5485851062788653,-156976.02596397998,-0.002516074421301885,0.0023400822486396456,31.088023065110942,31.38089254011304,0.3125
2360,28.6,6,0.6000000000000001,0.3999999999999999,0.13581365706318294,-156930.69298531848,-0.002218774010715802,0.0021361751161822033,27.52803812118569,31.69588145515633,0.3125
2361,28.61,4,0.4,0.6,0.047761660728763464,-156833.9149202995,-0.002463214882650929,0.002539191237689287,28.695781755858132,34.260323765793075,0.3125
2362,28.62,4,0.4,0.6,0.7949164296373883,-156879.62360929316,-0.0022604183784256347,0.002522963879668234,28.630064226740483,37.49676191706999,0.3125
2363,28.63,5,0.5,0.5,0.0665717882865765,-156912.13055520062,-0.00265526010972379,0.002356870152316908,34.0647996413608,33.34152104536774,0.3125
2364,28.64,4,0.4,0.6,0.7819877012337655,-156834.303146478,-0.002555349395519899,0.0023299694506404133,32.92290886769172,34.224534355171095,0.3125
2365,28.65,3,0.30000000000000004,0.7,0.44751827661973403,-157039.78401001624,-0.002085167747914015,0.0024684772395505592,25.922347652460157,34.0856172364114,0.3125
2366,28.66,4,0.4,0.6,0.3903551794403439,-156946.18069843468,-0.0020238346310266003,0.0025978656570342534,23.14629989912938,37.08815105534145,0.3125
2367,28.67,3,0.30000000000000004,0.7,0.47756139570529643,-156966.1372381637,-0.002328836140263451,0.002246013756188482,27.76172317861116,37.373229143847,0.3125
2368,28.68,4,0.4,0.6,0.352315025963269,-156913.05994587846,-0.0025876730847744995,0.00238298794829797,32.350233524244715,38.369174390546796,0.3125
2369,28.69,3,0.30000000000000004,0.7,0.37928625491887374,-157048.25802524464,-0.0023630477342044287,0.002517000114185433,32.49335107688034,35.3922504546361,0.3125
2370,28.7,4,0.4,0.6,0.4620688847873177,-157020.14738750207,-0.0023948721674327818,0.0025037709523699353,32.32221276037581,31.92037550790429,0.3125
2371,28.71,6,0.6000000000000001,0.3999999999999999,0.04941276540448234,-157026.12508070827,-0.0022608099972527755,0.0021346159781705496,27.53278055505418,29.31937658984635,0.3125
2372,28.72,6,0.6000000000000001,0.3999999999999999,0.43470251158540346,-156965.8474746972,-0.0022709435983053637,0.0024499864218580575,26.40129099157983,36.57671044717035,0.3125
2373,28.73,6,0.6000000000000001,0.3999999999999999,0.13622480085285205,-157013.64610421052,-0.002642559424268619,0.0026018989715929676,30.66528060676413,40.058453342961315,0.3125
2374,28.74,6,0.6000000000000001,0.3999999999999999,0.21471284886008854,-156981.17139447984,-0.0023364250397236268,0.0022619819141726635,31.126778719860678,35.76370918599443,0.3125
2375,28.75,6,0.6000000000000001,0.3999999999999999,0.21744602625267415,-156988.68796444876,-0.002306668708321256,0.0024401752201853796,30.70392397924158,32.40635761637184,0.3125
2376,28.76,8,0.8,0.19999999999999996,0.15730366677190905,-157074.58313373334,-0.002331910485770156,0.0026257902349545986,27.82864354475825,30.46763264769674,0.3125
2377,28.77,8,0.8,0.19999999999999996,0.7140798094788078,-157093.12605283142,-0.0021098634220096456,0.002171755946842339,26.506659222639538,28.448119591540728,0.3125
2378,28.78,8,0.8,0.19999999999999996,0.656308894758573,-157095.56591819637,-0.0025765905495225717,0.0023142754630734695,31.90023343483445,29.49919362582215,0.3125
2379,28.79,8,0.8,0.19999999999999996,0.6396383665096874,-157171.65351863258,-0.002492422192632067,0.002614896251764342,32.24928270366106,34.64304840590812,0.3125
2380,28.8,8,0.8,0.19999999999999996,0.5295691673611944,-157106.3815467001,-0.0021634712551969974,0.002452594607609045,27.889958571654304,33.15452639710623,0.3125
2381,28.81,9,0.9,0.09999999999999998,0.9876104824506001,-157170.51590786653,-0.0023808287527454855,0.0020636292882723448,30.17417779419469,26.84166304757604,0.3125
2382,28.82,9,0.9,0.09999999999999998,0.9218860363044288,-157236.29830403914,-0.002343356977930801,0.002218196576182917,29.279147070520853,28.385914909416154,0.3125
2383,28.83,9,0.9,0.09999999999999998,0.973243350107108,-157193.3529436459,-0.0023232727561553856,0.002726849709612511,30.299656169929346,33.316888705798924,0.3125
2384,28.84,9,0.9,0.09999999999999998,0.9987950730948486,-157300.8933448203,-0.0025564526390585074,0.0024084958545456912,33.123751250310775,30.106029395799194,0.3125
2385,28.85,9,0.9,0.09999999999999998,0.9925143061474321,-157268.03034985578,-0.0024949733085614188,0.00231748828597469,30.933190085022794,30.610145773575926,0.3125
2386,28.86,8,0.8,0.19999999999999996,0.4661521933770217,-157110.39578792013,-0.0023515831154711274,0.0024277249361473654,29.179380863430097,31.551579296721528,0.3125
2387,28.87,7,0.7000000000000001,0.29999999999999993,0.43920991708378193,-157058.52582940846,-0.002259271523010718,0.0025464127096016934,27.919381483548765,33.70334895614572,0.3125
2388,28.88,7,0.7000000000000001,0.29999999999999993,0.8505960607613424,-157128.90783892217,-0.0025688250594432978,0.002368385338301976,32.104740506417706,32.70972978514238,0.3125
2389,28.89,6,0.6000000000000001,0.3999999999999999,0.21412321055422978,-157083.3917026451,-0.002409670164668326,0.0022187895034758796,29.618639447531915,33.01198989258251,0.3125
2390,28.9,5,0.5,0.5,0.5067348236365428,-157027.18583484853,-0.0024088685706370786,0.0023054440851427386,30.644012130758043,32.18217934666687,0.3125
2391,28.91,4,0.4,0.6,0.6314793033824463,-157057.1637233897,-0.0021631515277306655,0.0026345000452558153,27.253000865387875,37.012821367455665,0.3125
2392,28.92,2,0.2,0.8,0.5981453706524534,-157082.51000421515,-0.0022723232299294554,0.002546943437371292,29.154324036890756,38.26875762146294,0.3125
2393,28.93,2,0.2,0.8,0.8217761276294405,-157049.3579951027,-0.00247568849105644,0.0023872692252643714,29.229704759362985,37.955802083330745,0.3125
2394,28.94,2,0.2,0.8,0.7409504920236103,-157154.39531487628,-0.002510016167104695,0.0023026148299679864,30.506924557084563,36.57997955542251,0.3125
2395,28.95,2,0.2,0.8,0.8178641045247268,-156975.11374062262,-0.0022238529781284937,0.0025861610505147703,27.46977017425583,37.45111383895875,0.3125
2396,28.96,1,0.1,0.9,0.8780805294139007,-157066.73537149094,-0.0022429618316549952,0.0024496590705191546,29.84870396407,37.82644755112822,0.3125
2397,28.97,1,0.1,0.9,0.9934078848539416,-157168.86053174434,-0.002448113242085932,0.0022833090212925674,31.64496632848288,35.095149273964175,0.3125
2398,28.98,1,0.1,0.9,0.9970317328876597,-157063.47371025584,-0.002533669134782212,0.0022300316970819073,32.13508570635971,37.30152275675894,0.3125
2399,28.99,1,0.1,0.9,0.9926828126372703,-157093.43168772294,-0.002389668719263995,0.0026063328016785276,29.83477763616562,40.14623302914859,0.3125
2400,29.0,1,0.1,0.9,0.975872439759903,-157075.03214988948,-0.002149851527211461,0.0025556081708839958,28.08238921183925,38.67969829220364,0.3125
2401,29.01,1,0.1,0.9,0.9623642171298513,-157032.0788143889,-0.002291123062286862,0.0022782523871668664,30.479765727714593,38.132234740689505,0.3125
2402,29.02,1,0.1,0.9,0.9276912238356503,-157135.6234745278,-0.00268511027445901,0.002295249336232527,32.417003146298796,37.48441897524958,0.3125
2403,29.03,2,0.2,0.8,0.5456566080732181,-156986.01899123524,-0.0021963179899852575,0.0023333407088969053,28.089815779282297,39.11909819696237,0.3125
2404,29.04,2,0.2,0.8,0.7485009035317574,-157024.12580595035,-0.0022380693161974208,0.0025435737143556336,27.895114664877813,36.72076857999775,0.3125
2405,29.05,2,0.2,0.8,0.8364516527457665,-156921.52557032218,-0.002394220106262901,0.0025517925363807295,29.211499329750147,36.60030890535098,0.3125
2406,29.06,2,0.2,0.8,0.535303603387846,-157044.60414766902,-0.0022041620911840416,0.002398254322708273,28.2663418569513,36.21778409536772,0.3125
2407,29.07,3,0.30000000000000004,0.7,0.7000040921224482,-156975.09138045498,-0.0024624227840985597,0.0026143362319644868,29.368737163288262,38.79571432405228,0.3125
2408,29.08,4,0.4,0.6,0.42553434961562714,-156994.26107593163,-0.0025021477431318453,0.002339914184561984,31.314551684004158,36.55446753524166,0.3125
2409,29.09,4,0.4,0.6,0.538170190771702,-156940.0586160836,-0.0022459841408524685,0.002066518558739744,30.734023071957857,31.835562171062907,0.3125
2410,29.1,5,0.5,0.5,0.5857595597223361,-156991.88997450727,-0.002425057351472133,0.0025400491136958843,29.1605110031068,33.79141027603432,0.3125
2411,29.11,6,0.6000000000000001,0.3999999999999999,0.27928198613889177,-157076.94120878464,-0.0021751546534834595,0.0025518289843728358,26.88384098487278,37.533085570117876,0.3125
2412,29.12,7,0.7000000000000001,0.29999999999999993,0.6032764145730137,-157111.23819547257,-0.002407174819283179,0.002280420432427656,28.01326031126756,33.03213055448789,0.3125
2413,29.13,7,0.7000000000000001,0.29999999999999993,0.5565337580059414,-157061.54190499207,-0.0026757429627034136,0.002480766240772562,31.341025138487417,34.95358694461371,0.3125
2414,29.14,7,0.7000000000000001,0.29999999999999993,0.6600082650557241,-157033.25641192653,-0.0021505458729028336,0.002524296318835226,28.768117042128758,33.97230098014909,0.3125
2415,29.15,8,0.8,0.19999999999999996,0.7849438823330585,-157163.91869759627,-0.002243767744688694,0.0023896984712176135,30.313770681675944,30.951215859217296,0.3125
2416,29.16,8,0.8,0.19999999999999996,0.7253758565573146,-157184.20003373403,-0.0024245149361602635,0.0024689625327073777,30.033382340878973,32.0205533126919,0.3125
2417,29.17,9,0.9,0.09999999999999998,0.9083045569096467,-157158.01211857726,-0.002340009706721584,0.002435807335264385,29.13372829642565,33.918475894743935,0.3125
2418,29.18,9,0.9,0.09999999999999998,0.9887942815114192,-157219.89899559153,-0.002529229736312457,0.0023306997161070147,30.101046584566053,32.46114686404918,0.3125
2419,29.19,9,0.9,0.09999999999999998,0.9777195339516886,-157269.67789075073,-0.0025555879873059165,0.002487904441377667,31.084395072770526,33.2158198684108,0.3125
2420,29.2,8,0.8,0.19999999999999996,0.6016526208271985,-157168.04119814062,-0.0022282374087082167,0.0025975972196394088,27.85352910630676,34.02881483340075,0.3125
2421,29.21,8,0.8,0.19999999999999996,0.32868023846166283,-157077.63133224993,-0.0023638524353055456,0.0021591713517901618,31.81274381326675,28.868414443015148,0.3125
2422,29.22,7,0.7000000000000001,0.29999999999999993,0.38670022246706287,-157023.92198136708,-0.0023042046502301837,0.0023149154282308907,30.306757581703565,31.460428404084038,0.3125
2423,29.23,8,0.8,0.19999999999999996,0.5881312590139604,-157197.10499188755,-0.0022954925220961685,0.0026926942540489223,27.93829913483661,37.15157134715902,0.3125
2424,29.24,7,0.7000000000000001,0.29999999999999993,0.4297398076754678,-157042.87437274415,-0.0025066582275174547,0.002481794035225313,28.687132350982033,32.86034590762754,0.3125
2425,29.25,7,0.7000000000000001,0.29999999999999993,0.6276572081608538,-157032.00185347762,-0.0023519528739452816,0.0023493845017143102,29.794322068085226,34.37309239928782,0.3125
2426,29.26,7,0.7000000000000001,0.29999999999999993,0.5732620232865756,-157066.90043964368,-0.002471059348940227,0.002214663953488376,31.666949114821126,30.391934107176677,0.3125
2427,29.27,8,0.8,0.19999999999999996,0.6148506436313036,-157118.464128133,-0.002324214479739433,0.002427797492483243,29.799690354592183,31.961803503181436,0.3125
2428,29.28,8,0.8,0.19999999999999996,0.5725079046527138,-157203.48635391836,-0.002193513959542963,0.0024070166526202006,28.655405080719124,32.890667372086085,0.3125
2429,29.29,9,0.9,0.09999999999999998,0.36653194073468753,-157218.20090404517,-0.0024671048663840018,0.002548028715270351,29.60041739725019,33.10229855501451,0.3125
2430,29.3,9,0.9,0.09999999999999998,0.9418308424496152,-157256.7218769358,-0.002401295649209315,0.002424323513847773,29.31974674293588,31.61646444789331,0.3125
2431,29.31,9,0.9,0.09999999999999998,0.9983675539005314,-157215.45906444755,-0.002300933486047555,0.0023613697859213526,29.72184231707911,32.25047924605998,0.3125
2432,29.32,9,0.9,0.09999999999999998,0.9822754853207732,-157218.6915498368,-0.002678276457630911,0.0025920089983818397,34.18435128436571,33.04877767103812,0.3125
2433,29.33,9,0.9,0.09999999999999998,0.9850745612161738,-157285.60939950103,-0.002256560689283583,0.0024959805987044953,29.00863720796842,32.13979010076247,0.3125
2434,29.34,9,0.9,0.09999999999999998,0.9727967926607474,-157272.25616477206,-0.002377355043246226,0.0024179421300540224,29.95861479235186,31.45657606299366,0.3125
2435,29.35,9,0.9,0.09999999999999998,0.9822839751195233,-157217.06694781914,-0.002677040046035494,0.0023905510425757137,33.145761330873384,31.5415819745922,0.3125
2436,29.36,9,0.9,0.09999999999999998,0.7549443906249819,-157249.23639458118,-0.002277929870717885,0.002394233223982526,29.544311425508536,32.672282194602346,0.3125
2437,29.37,8,0.8,0.19999999999999996,0.7474281517392897,-157154.8321731725,-0.002489068043678387,0.0024579918725140294,29.327190338799305,31.429711578833732,0.3125
2438,29.38,8,0.8,0.19999999999999996,0.7163293061504551,-157209.3262347251,-0.002282596507486582,0.0024621663492185686,27.458558366501347,34.98993583737241,0.3125
2439,29.39,8,0.8,0.19999999999999996,0.6228649479695793,-157067.50534156497,-0.002281489519364451,0.002183893853656212,29.271342458129883,30.93461953008036,0.3125
2440,29.4,8,0.8,0.19999999999999996,0.4422158983217091,-157242.85032610677,-0.002395278838218505,0.002668642999755028,28.14656744988544,36.48339983803972,0.3125
2441,29.41,7,0.7000000000000001,0.29999999999999993,0.6160709918108702,-157059.4019163997,-0.002134072125457399,0.002578443050294285,26.318186580876713,35.51671234291495,0.3125
2442,29.42,7,0.7000000000000001,0.29999999999999993,0.703566999479816,-157159.8192662432,-0.002489301076727243,0.0022478236565586064,31.252811437038815,31.094150813642816,0.3125
2443,29.43,7,0.7000000000000001,0.29999999999999993,0.4944687901850625,-157142.5894816535,-0.002577103120902577,0.0023661486407866614,34.128653747615374,32.44938877001256,0.3125
2444,29.44,8,0.8,0.19999999999999996,0.1662012691031715,-157162.4513832719,-0.0020258127519471813,0.002649383344272967,26.145878813934,35.12693570181973,0.3125
2445,29.45,8,0.8,0.19999999999999996,0.5133116236863309,-157100.7403993361,-0.002409204798285612,0.002411174330044988,29.97060176199744,32.621263153689185,0.3125
2446,29.46,8,0.8,0.19999999999999996,0.20662613620825832,-157239.9883957694,-0.0024944268075864163,0.002031967013106219,31.361724833753506,29.156774772391195,0.3125
2447,29.47,7,0.7000000000000001,0.29999999999999993,0.6452044598375272,-157031.54313787352,-0.0024783021854125134,0.002559610894500465,30.87828508962618,34.61820918132979,0.3125
2448,29.48,7,0.7000000000000001,0.29999999999999993,0.5374783356396923,-157138.73395871132,-0.002502057419999597,0.002549845422368608,32.11901688928029,33.10092655362046,0.3125
2449,29.49,8,0.8,0.19999999999999996,0.2468799142162825,-157284.51760051574,-0.0022268152226330167,0.0022641677347709777,29.491434860843427,30.66114671953633,0.3125
2450,29.5,8,0.8,0.19999999999999996,0.3704564097162979,-157197.71852692397,-0.0023566864338686946,0.0025480171819517476,28.12560388550131,33.87979998346054,0.3125
2451,29.51,6,0.6000000000000001,0.3999999999999999,0.3547626412207652,-157014.2180734475,-0.002549553622280803,0.0024032922760925924,29.84058062924278,33.35175276061817,0.3125
2452,29.52,5,0.5,0.5,0.7545182561481517,-157137.47966753226,-0.002196936513294699,0.0023402636529117147,28.518936208158006,34.012824082963675,0.3125
2453,29.53,5,0.5,0.5,0.6875145054960279,-156996.66356549712,-0.0022759555017514994,0.0026726314220347556,27.605104840805254,37.55515651348568,0.3125
2454,29.54,5,0.5,0.5,0.45366145527154556,-157084.75708004166,-0.002510046025979693,0.0022405831366020318,32.49699636553121,32.6836723179561,0.3125
2455,29.55,4,0.4,0.6,0.08084948658092225,-157104.06791477225,-0.0023124152857125803,0.0021545559635917917,29.462652290714264,31.543533279278844,0.3125
2456,29.56,5,0.5,0.5,0.2488004523819574,-157033.57477920334,-0.002486413131063184,0.002632813347392721,28.634233206769704,34.53684088879509,0.3125
2457,29.57,3,0.30000000000000004,0.7,0.10639433477753614,-157036.86660913198,-0.002310597683942567,0.002469963239127947,29.424367302002356,35.345781811017595,0.3125
2458,29.58,4,0.4,0.6,0.6160422342143093,-157078.4508409457,-0.0021965079230894784,0.002085403928784696,29.050763136498194,30.89342197228392,0.3125
2459,29.59,3,0.30000000000000004,0.7,0.7627412135303108,-157083.99044652635,-0.002719400072476426,0.002577324789256159,33.891305432785174,36.360082185799094,0.3125
2460,29.6,3,0.30000000000000004,0.7,0.7530435590011408,-157131.6570092864,-0.0025687955333615776,0.002411505980358294,31.86111072536981,35.29777545624379,0.3125
2461,29.61,3,0.30000000000000004,0.7,0.6125405650040495,-157065.48513716026,-0.0022627052354252182,0.002416968229186527,28.570691221867378,34.58345930778643,0.3125
2462,29.62,4,0.4,0.6,0.16948754706547628,-157111.94679016495,-0.002457985207310522,0.002544424406955042,30.018857710362614,35.18145045885027,0.3125
2463,29.63,4,0.4,0.6,0.554994988711835,-157159.1795391519,-0.0024514441418447015,0.0022010941882215002,30.74302491376648,30.290264163335763,0.3125
2464,29.64,3,0.30000000000000004,0.7,0.516298612839877,-157089.85508243748,-0.0022185664771948088,0.0021074505976437837,29.079674901505825,30.593587753165547,0.3125
2465,29.65,3,0.30000000000000004,0.7,0.2582430928755953,-157035.07806091124,-0.002537317156042264,0.002604497209913073,31.821792232115218,35.16131830085007,0.3125
2466,29.66,4,0.4,0.6,0.2182149282860805,-157043.9631017982,-0.0023664671118513916,0.0027298978370886105,29.568409586526165,38.695892501977596,0.3125
2467,29.67,5,0.5,0.5,0.5949522804947877,-157195.51184432604,-0.0023353668303174183,0.002128361012120837,28.2549310874475,31.49865527448835,0.3125
2468,29.68,5,0.5,0.5,0.509944680229948,-157034.68375716533,-0.002538891269550229,0.0023280631667604826,31.4181317101839,33.467523228148146,0.3125
2469,29.69,4,0.4,0.6,0.5409360338871145,-157148.27086122535,-0.0024615737389837166,0.0025515845420480015,29.474841311502672,33.0763002518166,0.3125
2470,29.7,4,0.4,0.6,0.5690369807824602,-157094.22965808265,-0.002281959865177515,0.002267921231909711,31.817297422000205,32.40853013896608,0.3125
2471,29.71,3,0.30000000000000004,0.7,0.7480489860547875,-157087.98567076493,-0.002678846475272154,0.0024172446948140477,33.498177011978264,34.14548944587737,0.3125
2472,29.72,5,0.5,0.5,0.06829024580465791,-157116.29530923857,-0.0025011081522917167,0.0025277819940233105,30.495649292737326,34.61805514684054,0.3125
2473,29.73,5,0.5,0.5,0.2658628537656369,-157151.1522690419,-0.0021633358671176127,0.0025093741383621056,25.81722087297318,34.98399611628368,0.3125
2474,29.74,5,0.5,0.5,0.4290906507082879,-157098.95834085083,-0.0025648680300213167,0.002351984516168152,29.38530742675428,33.37298266726819,0.3125
2475,29.75,6,0.6000000000000001,0.3999999999999999,0.8565052056990617,-157167.0359296998,-0.0020922412066009875,0.0022315628448474137,25.86095702049455,33.09866532634845,0.3125
2476,29.76,6,0.6000000000000001,0.3999999999999999,0.33328933209817746,-157266.48670981603,-0.0024800343429271757,0.0024159119169517886,31.840147765729938,31.93373516911738,0.3125
2477,29.77,6,0.6000000000000001,0.3999999999999999,0.4440913257070792,-157167.48595926445,-0.0025843301049720377,0.002612346661847299,32.22886456471545,33.93467951899779,0.3125
2478,29.78,5,0.5,0.5,0.4273148961791006,-157208.7500691236,-0.002283226460703558,0.002392841182491164,29.892583973414908,33.69212284798878,0.3125
2479,29.79,4,0.4,0.6,0.6453086745670026,-157142.73027800195,-0.002721981822125812,0.0021249038321867744,32.58949585508995,28.657817902410045,0.3125
2480,29.8,4,0.4,0.6,0.45283264356752134,-157072.50916144202,-0.0021592380090747327,0.0024903548580735907,26.32436077248962,35.72534576715399,0.3125
2481,29.81,3,0.30000000000000004,0.7,0.7004601445511437,-157185.6666996935,-0.002094094727320523,0.0025707558144715337,25.6625963388084,34.204409234301714,0.3125
2482,29.82,3,0.30000000000000004,0.7,0.6523512878161001,-157104.57947584672,-0.0026330358317149896,0.002499329388528036,31.216550338427833,34.148569897224576,0.3125
2483,29.83,2,0.2,0.8,0.6172983439880001,-157126.64742799022,-0.0024305791570926154,0.002417590480402229,29.94365423273982,33.924853108081784,0.3125
2484,29.84,2,0.2,0.8,0.9366869203470941,-157215.70940555964,-0.002304231204378062,0.002348204297368803,28.70402894357254,35.637693670763106,0.3125
2485,29.85,2,0.2,0.8,0.9036624286318552,-157151.3348374498,-0.0025986107528850316,0.0024431094279329033,31.560027182742903,34.75117045166488,0.3125
2486,29.86,2,0.2,0.8,0.8902456459604745,-157126.11079362707,-0.0021375837162642096,0.00240003566174679,27.631186028647708,37.739958349486194,0.3125
2487,29.87,2,0.2,0.8,0.6276259649184277,-157209.39306153936,-0.002135107258886168,0.0022604326270059183,27.01350004171867,35.47215918622537,0.3125
2488,29.88,1,0.1,0.9,0.45708466457439,-157231.9668848226,-0.0026663903252618242,0.0024158128409376865,33.25918290151465,34.98243169331065,0.3125
2489,29.89,1,0.1,0.9,0.22527844108857867,-157123.55463735427,-0.0022163809332242813,0.0025357000347463014,28.661330057751204,37.72111583249197,0.3125
2490,29.9,1,0.1,0.9,0.9821208237578904,-157093.68084652952,-0.0024731826720724177,0.002343860336191194,33.098002598285674,34.34497661555169,0.3125
2491,29.91,1,0.1,0.9,0.9828299447089369,-157267.55101053914,-0.002502796336064363,0.0025438663878557606,29.417782012204917,36.70102152004366,0.3125
2492,29.92,1,0.1,0.9,0.9915411762217635,-157353.49017804684,-0.0024393940491023065,0.002262350760264141,30.997121305888747,35.72181865025824,0.3125
2493,29.93,1,0.1,0.9,0.9986241933545523,-157324.31392616165,-0.002500126617895365,0.002215333882720908,31.06698327863638,34.33976548975904,0.3125
2494,29.94,1,0.1,0.9,0.9974805886885189,-157316.2373836813,-0.0023943053155022,0.002490648948967741,33.33151608232882,34.324835618136326,0.3125
2495,29.95,1,0.1,0.9,0.9926565085188742,-157209.2513020645,-0.0022525276002394513,0.002639953091605779,30.896670221935047,35.402966828388756,0.3125
2496,29.96,1,0.1,0.9,0.957165245371222,-157250.22070597927,-0.0025074199860529852,0.0021934254773937263,33.817542878688414,33.64817706842626,0.3125
2497,29.97,2,0.2,0.8,0.2430340858893472,-157172.77701081813,-0.0027871393350746222,0.0024110453392645935,35.02479323619736,36.098185906651025,0.3125
2498,29.98,2,0.2,0.8,0.9257667636888011,-157242.24381285429,-0.002164706137351643,0.002654130086732946,26.30040277067711,39.73417461254203,0.3125
2499,29.99,2,0.2,0.8,0.894408056182396,-157142.35457861674,-0.002257474658939154,0.002067654157398308,28.8593287573765,28.384386784453284,0.3125
2500,30.0,2,0.2,0.8,0.8370823717955104,-157270.79262651317,-0.002373996780425,0.002355137451488258,30.511192079321226,36.02444429411632,0.15625
2501,30.01,2,0.2,0.8,0.8861788294224978,-157239.42601408265,-0.0025358441667224824,0.002439481332601821,30.900449403388148,33.78797937978436,0.15625
2502,30.02,3,0.30000000000000004,0.7,0.6900747799348751,-157054.11909358064,-0.0024921984780665782,0.002390715455942629,31.82289006748603,35.772142788743665,0.15625
2503,30.03,3,0.30000000000000004,0.7,0.8946673863279162,-157285.5845863694,-0.002482063813309104,0.002673174136249434,29.973678584995447,36.08728942120996,0.15625
2504,30.04,2,0.2,0.8,0.21900988202289254,-157220.70213307856,-0.0022037503231183745,0.0025000344763367243,26.337993370638756,34.167598900924936,0.15625
2505,30.05,3,0.30000000000000004,0.7,0.332763355162607,-157145.07980319508,-0.0022874496252518264,0.0021644454661404583,27.638808327818047,31.080604043651178,0.15625
2506,30.06,3,0.30000000000000004,0.7,0.7861772817062987,-157194.56643928718,-0.002804640679010478,0.002483171071489397,34.25099520523173,36.131351836691394,0.15625
2507,30.07,2,0.2,0.8,0.8233144312515621,-157221.06672595636,-0.0024922772520324823,0.002391332309296488,30.890862217595057,35.67147295272151,0.15625
2508,30.08,1,0.1,0.9,0.9781357338902764,-157332.3844660144,-0.0022022844390815425,0.002221033508953289,32.46190686938235,34.75372141715186,0.15625
2509,30.09,1,0.1,0.9,0.7103205732162655,-157215.50026067736,-0.002430496463281808,0.002810932769100192,29.688750056829328,39.970868269618606,0.15625
2510,30.1,1,0.1,0.9,0.8498375178090907,-157351.13001207256,-0.002279251495850457,0.0024135327052988366,29.937643087568368,36.1602985937902,0.15625
2511,30.11,1,0.1,0.9,0.9928712504818399,-157245.8197436546,-0.0022829254749444127,0.002062486608235289,30.476382211338287,32.782933772814665,0.15625
2512,30.12,1,0.1,0.9,0.989372798690537,-157351.68631544654,-0.0027529755182620196,0.002540401176368538,33.22827963693684,34.706650843789454,0.15625
2513,30.13,1,0.1,0.9,0.9873309260270762,-157143.46226658253,-0.0021611643286974878,0.002497328133176839,29.57852056587165,37.75695005926676,0.15625
2514,30.14,1,0.1,0.9,0.9910200524640196,-157208.85998831457,-0.0025345785846540726,0.0025031641520410755,33.02153573188869,38.693200226589695,0.15625
2515,30.15,1,0.1,0.9,0.9869174329848701,-157311.7034175781,-0.002828087246732136,0.002435381169038844,36.360673272596294,37.627818310460285,0.15625
2516,30.16,1,0.1,0.9,0.9628970053873301,-157315.68087558105,-0.002291464251039607,0.0021884821485008196,30.10697266544221,33.657826683471015,0.15625
2517,30.17,1,0.1,0.9,0.8807219977151731,-157206.99797444453,-0.0023993805686239058,0.0025673352986738526,29.99797138205166,34.08286140647339,0.15625
2518,30.18,1,0.1,0.9,0.5817107107942782,-157185.43014489766,-0.0023232350420932355,0.0025182646485569227,29.80760094696374,36.70311627528342,0.15625
2519,30.19,2,0.2,0.8,0.14341669730755158,-157307.7654884315,-0.002465790123065781,0.002353939552586841,31.68747155960858,36.92404048482026,0.15625
2520,30.2,2,0.2,0.8,0.8645282263153377,-157097.0682502728,-0.002333572918516019,0.002342447919796217,30.69178292743223,36.52135659709062,0.15625
2521,30.21,3,0.30000000000000004,0.7,0.03344944361651238,-157108.01830500644,-0.0023769542862257355,0.0023981199462618837,29.03930478219043,35.067995692938354,0.15625
2522,30.22,3,0.30000000000000004,0.7,0.8237586266869661,-157136.2510855824,-0.00242427625199618,0.0022352694557620867,30.66428475717992,32.175014408155036,0.15625
2523,30.23,2,0.2,0.8,0.06276345542060188,-157240.39378692574,-0.0026783334157237785,0.0023880652423725586,32.94666010622734,31.2933471628041,0.15625
2524,30.24,3,0.30000000000000004,0.7,0.8347518420495816,-157102.284287837,-0.0023079410905055596,0.002718305705027417,29.26059968998314,37.12404110500639,0.15625
2525,30.25,4,0.4,0.6,0.2505802052129685,-157179.9469065019,-0.00248777312756745,0.002479294632459736,29.972543544847156,36.458479120257195,0.15625
2526,30.26,3,0.30000000000000004,0.7,0.706006998747594,-157252.7540794948,-0.0026364539264101105,0.002315759355062219,30.23701726283894,35.846804403046356,0.15625
2527,30.27,2,0.2,0.8,0.853807435799338,-157223.00614601697,-0.0022557745850965965,0.0021049993968405263,29.171641633036064,32.33883012049808,0.15625
2528,30.28,2,0.2,0.8,0.9317781711552975,-157209.42919068955,-0.0020331377746179422,0.0023644131493123907,27.440325976791023,33.02152503254376,0.15625
2529,30.29,1,0.1,0.9,0.8837522544285834,-157286.67207677162,-0.0023680812424995046,0.0027390517915572895,32.99175942825342,37.90395789153141,0.15625
2530,30.3,1,0.1,0.9,0.975822909191787,-157298.0451482512,-0.0025184462873124288,0.0024698227770415205,33.089901313230364,37.89069829760333,0.15625
2531,30.31,1,0.1,0.9,0.905181631146313,-157266.7568261124,-0.002627654311971556,0.0021069081226235673,33.29538314113704,34.073901862107434,0.15625
2532,30.32,1,0.1,0.9,0.6745049838711612,-157272.73935281998,-0.002129849211232339,0.002294391939479985,26.741799342681755,33.6510674666655,0.15625
2533,30.33,2,0.2,0.8,0.9269554592224214,-157227.0338719032,-0.002050082733600377,0.002464797287545381,25.587959679397656,36.28532586040126,0.15625
2534,30.34,2,0.2,0.8,0.8430567378356829,-157172.62848722033,-0.0025224756386330073,0.002401289722181312,32.03159748792313,35.446838687339934,0.15625
2535,30.35,2,0.2,0.8,0.7031576593621269,-157200.94438860362,-0.002452233052184529,0.0025873007829211774,31.990601785679647,37.95257036931002,0.15625
2536,30.36,3,0.30000000000000004,0.7,0.6865052103022014,-157156.53440032311,-0.002333026011446572,0.0027095553869303348,29.10714338811828,37.81342449024968,0.15625
2537,30.37,2,0.2,0.8,0.05665849390656688,-157243.33921793668,-0.0023995213709912078,0.002333885899748694,28.371680814190753,33.02888044152858,0.15625
2538,30.38,2,0.2,0.8,0.6576827751135847,-157133.4520779745,-0.0024424685205012443,0.002043951930221254,28.698387549511665,31.86330128220055,0.15625
2539,30.39,2,0.2,0.8,0.83754674037015,-157313.47537125123,-0.002417798510776277,0.0024279926987064732,28.49481593056987,36.38737060963974,0.15625
2540,30.4,2,0.2,0.8,0.16959362627442068,-157212.7888229705,-0.0022141830636137234,0.002754604219025054,30.947299011360847,41.242134396917024,0.15625
2541,30.41,2,0.2,0.8,0.601949439151866,-157204.438924221,-0.002224073447357864,0.0025185841530293938,31.40026094925371,35.53724981151973,0.15625
2542,30.42,3,0.30000000000000004,0.7,0.6745186685566016,-157167.44009861685,-0.002637709027420785,0.0020636301016669764,34.70393442435027,29.20518639708077,0.15625
2543,30.43,2,0.2,0.8,0.5211077090997998,-157257.26565551377,-0.0023339002131052325,0.002147479609407577,29.332470758305877,30.778412640118084,0.15625
2544,30.44,3,0.30000000000000004,0.7,0.746443414504619,-157226.87712876013,-0.0023675374527427416,0.0025904830776967962,27.960677989052517,38.79922984658927,0.15625
2545,30.45,3,0.30000000000000004,0.7,0.49548278345974517,-157186.0206753752,-0.0024640373158769293,0.0024372348076556706,28.901657112795263,35.89830895363013,0.15625
2546,30.46,2,0.2,0.8,0.07042289748848976,-157288.3917766667,-0.0021539123250396987,0.0023766457670650826,27.75358609558461,37.373518382479745,0.15625
2547,30.47,2,0.2,0.8,0.762620966783359,-157232.74791021517,-0.0025372057170888387,0.0025011843526502623,29.64299262026531,33.910252075009005,0.15625
2548,30.48,3,0.30000000000000004,0.7,0.4533969247628391,-157334.07800136352,-0.00234807265889199,0.0022801790300154205,30.253106060066013,33.00157157638742,0.15625
2549,30.49,3,0.30000000000000004,0.7,0.5656476137895103,-157238.12892321838,-0.0023958342034878823,0.0022463780148900448,33.22020360300436,32.80910080776497,0.15625
2550,30.5,2,0.2,0.8,0.7210915240786441,-157340.99100462734,-0.002565558992564844,0.002773183654327528,30.590755265384402,37.928343396146005,0.15625
2551,30.51,2,0.2,0.8,0.8551071471451912,-157190.78211664318,-0.0022605318112104813,0.0022995334721434835,30.30354012107925,35.797877964450876,0.15625
2552,30.52,2,0.2,0.8,0.8213012609652515,-157309.85489487136,-0.002424215367097826,0.002247494599458329,28.268908445279443,33.86962675418717,0.15625
2553,30.53,3,0.30000000000000004,0.7,0.5909037205209934,-157258.3131599404,-0.0025256405031440325,0.0025856296165670412,30.774507236053495,38.23020583247741,0.15625
2554,30.54,4,0.4,0.6,0.7532717095577047,-157222.4892085873,-0.0022013630746648668,0.0022459731570472065,29.28681804215666,33.380468874641295,0.15625
2555,30.55,4,0.4,0.6,0.7643302145096398,-157184.17172210084,-0.00242741992087722,0.002563184717926369,30.36791055955751,35.130794908198766,0.15625
2556,30.56,4,0.4,0.6,0.7562660182064415,-157171.5033966667,-0.002521260633337479,0.0025475312161898846,29.854912087951817,33.87273130956141,0.15625
2557,30.57,4,0.4,0.6,0.7051420635407192,-157356.00117455155,-0.00232128131380924,0.0021429126088606215,28.926498984687306,32.45086623245885,0.15625
2558,30.58,3,0.30000000000000004,0.7,0.4992204122257106,-157270.1878975969,-0.002567620673054455,0.0023005040086982696,30.764644333026002,31.917399068519014,0.15625
2559,30.59,3,0.30000000000000004,0.7,0.7962868593862753,-157253.30281513373,-0.0023791632554787385,0.0024450566741276315,31.307587765850496,37.19845459557102,0.15625
2560,30.6,3,0.30000000000000004,0.7,0.5874469661564138,-157330.11729410134,-0.0023213434527525286,0.0025407615218699577,31.046157456527315,36.447796619410425,0.15625
2561,30.61,2,0.2,0.8,0.6620293210961212,-157313.4323899658,-0.002544872184051641,0.002578885331932906,30.74362640546771,35.45344359464072,0.15625
2562,30.62,3,0.30000000000000004,0.7,0.5750027704534314,-157240.822836297,-0.002478352682069661,0.0020955198735166944,32.05597611541949,31.524110755138498,0.15625
2563,30.63,3,0.30000000000000004,0.7,0.6150308812248281,-157268.83226226084,-0.002338348149970261,0.0023374030724751783,28.24499556520744,32.796783450269196,0.15625
2564,30.64,2,0.2,0.8,0.22619416346584398,-157373.6450075839,-0.002163407790162742,0.002615743886982296,28.353390888481755,37.2358682287037,0.15625
2565,30.65,4,0.4,0.6,0.1023497334580541,-157196.25180645395,-0.0026426251108453785,0.002395422875535066,33.8594065142052,34.42628917054208,0.15625
2566,30.66,4,0.4,0.6,0.6690132890150611,-157190.86446048558,-0.002585082559961684,0.0022734577508091874,31.481839722446956,33.68121027953993,0.15625
2567,30.67,4,0.4,0.6,0.6986912296442417,-157152.07478585467,-0.002273163371716016,0.002379771373092553,29.43449562269719,34.31509878274865,0.15625
2568,30.68,5,0.5,0.5,0.12213355591704497,-157197.41825475878,-0.002465855331593022,0.002578019505178967,29.453237287445766,34.83568918724804,0.15625
2569,30.69,4,0.4,0.6,0.44381924720426386,-157337.52612382945,-0.002374729985005073,0.002268478212300076,30.469496476233076,32.02144485001795,0.15625
2570,30.7,5,0.5,0.5,0.10090410412016683,-157190.77468996285,-0.002327596006306822,0.0022505808154735848,29.754269673887233,33.20993037347861,0.15625
2571,30.71,5,0.5,0.5,0.29885651935897306,-157254.73170309057,-0.0026579224155135897,0.0024959503238945004,31.378765095321423,33.9799998066522,0.15625
2572,30.72,4,0.4,0.6,0.4828533788516819,-157158.95380205652,-0.002393516472689208,0.002585327614692017,28.922797687394034,34.85483679160356,0.15625
2573,30.73,5,0.5,0.5,0.11504282036905351,-157305.10753760143,-0.0022902813377231853,0.0023868694411406308,30.298094644398514,34.42581750544053,0.15625
2574,30.74,4,0.4,0.6,0.47871679169836795,-157237.3593788666,-0.00252381531978586,0.002356426821764221,32.32890582055488,32.5751285010401,0.15625
2575,30.75,3,0.30000000000000004,0.7,0.47824660948779874,-157247.40342999948,-0.002356936601120529,0.0022890310804802288,30.98009994364591,33.44066088713624,0.15625
2576,30.76,3,0.30000000000000004,0.7,0.7919812913683709,-157286.88510246243,-0.0027111543470068724,0.002495338118445948,33.09766051944416,34.63705007805427,0.15625
2577,30.77,3,0.30000000000000004,0.7,0.6707900908933413,-157223.09689564205,-0.002487530961994899,0.0025454933495308576,29.302057850175295,36.70309021213951,0.15625
2578,30.78,3,0.30000000000000004,0.7,0.6265756305164678,-157302.0541212059,-0.0018923686818230793,0.0023339392443355172,25.839793379776538,35.09292622344177,0.15625
2579,30.79,4,0.4,0.6,0.4740537808377563,-157213.55145979364,-0.002321669796346801,0.0024630053922576195,28.28124894280684,34.52520939234673,0.15625
2580,30.8,4,0.4,0.6,0.47959137936288493,-157280.9433221399,-0.0026423893087195297,0.0021763590900564615,33.832624466170195,32.144796041484845,0.15625
2581,30.81,4,0.4,0.6,0.4004798171693552,-157241.00869786664,-0.002555763427226717,0.002433713880940711,31.539718434538106,35.402932071022626,0.15625
2582,30.82,4,0.4,0.6,0.4207165603535988,-157274.2848231436,-0.0024631556003802887,0.0026266443511962813,29.98498768711548,36.08254432932609,0.15625
2583,30.83,3,0.30000000000000004,0.7,0.4005608878238491,-157260.76159598966,-0.0022002625621194813,0.0023535320663375147,28.3258983651526,33.79115242335331,0.15625
2584,30.84,3,0.30000000000000004,0.7,0.643074707411386,-157299.2068680871,-0.002349183702651589,0.0022435391523954427,28.63758230533441,33.393151035910115,0.15625
2585,30.85,4,0.4,0.6,0.5290869437122826,-157214.79801792538,-0.0027293109892843706,0.0024266285028544583,32.88811227724766,32.9589172666476,0.15625
2586,30.86,5,0.5,0.5,0.23959886068998415,-157252.15259036174,-0.002360350988138546,0.002534654161520292,30.360808655375305,35.96440881719075,0.15625
2587,30.87,4,0.4,0.6,0.25571471883539587,-157138.69860630695,-0.002355437265168358,0.002318601037808197,30.04263705200291,29.848413924295937,0.15625
2588,30.88,4,0.4,0.6,0.3236691945928886,-157260.03261252723,-0.0021814490369011343,0.002209321268289709,27.776918506159245,31.29954035773968,0.15625
2589,30.89,5,0.5,0.5,0.2867400619164123,-157276.3412822241,-0.0025521774451349524,0.0023275204777746905,31.522088507744122,33.84765564132988,0.15625
2590,30.9,2,0.2,0.8,0.15130001459393239,-157285.11207935007,-0.0026269069161651503,0.0025436153276166555,31.279782070605425,37.31321975495312,0.15625
2591,30.91,2,0.2,0.8,0.40768559879307725,-157312.88583432,-0.0024163303539410925,0.0025120384510475056,31.658308447564128,36.351324969710795,0.15625
2592,30.92,2,0.2,0.8,0.8785438018568449,-157276.40138570784,-0.0024039704416061627,0.0025950809181810833,30.62056298416909,35.79123235708542,0.15625
2593,30.93,2,0.2,0.8,0.6347662145777004,-157351.57473866866,-0.0022685598000722913,0.00227397059166904,28.343122918494664,33.84545332132811,0.15625
2594,30.94,2,0.2,0.8,0.45767193037456877,-157264.927323244,-0.0024742282581145434,0.0022078568235035264,32.0127160611576,33.38657524730437,0.15625
2595,30.95,2,0.2,0.8,0.7329364569900908,-157331.39101929418,-0.002535747145802104,0.00254345940233743,29.705672736257362,37.09003295107456,0.15625
2596,30.96,3,0.30000000000000004,0.7,0.5254844753518055,-157319.3866483491,-0.0022944631710471175,0.0023284909389958775,31.32916623794199,34.76728068109259,0.15625
2597,30.97,3,0.30000000000000004,0.7,0.5572091137967288,-157320.5830023821,-0.002309449308786125,0.0027472776477938596,28.07527062713199,38.92485727643745,0.15625
2598,30.98,3,0.30000000000000004,0.7,0.7408270386290646,-157327.52977544526,-0.002594350359721727,0.002389001077071769,31.102081022372946,32.47111618453841,0.15625
2599,30.99,2,0.2,0.8,0.13294741579224592,-157229.29231971633,-0.00221523394871692,0.002012877307392932,29.910343127306128,30.043319032187057,0.15625
2600,31.0,2,0.2,0.8,0.5611255738080034,-157344.0486434945,-0.0024259686976365056,0.0024570667473341277,32.03222143054279,35.95848423329988,0.15625
2601,31.01,3,0.30000000000000004,0.7,0.3383394257727128,-157338.02673210463,-0.002528237562193024,0.002738467554489977,31.163726281592663,40.242385280080875,0.15625
2602,31.02,2,0.2,0.8,0.5852489777000482,-157325.09600157462,-0.002321856553236087,0.0023646358803130017,28.292361167803932,37.44903947815447,0.15625
2603,31.03,2,0.2,0.8,0.6616942642707087,-157306.2438855261,-0.002548604667172003,0.002217154270899275,29.970514933838434,31.092544615968382,0.15625
2604,31.04,2,0.2,0.8,0.4328566514145443,-157248.86454529274,-0.0021867514855989567,0.002471369785437075,26.739195888812098,36.07843967834398,0.15625
2605,31.05,2,0.2,0.8,0.5211493907208687,-157390.55159845215,-0.0022585543156038845,0.0022765889671940787,30.901949584860276,33.16827050614559,0.15625
2606,31.06,3,0.30000000000000004,0.7,0.42440654819837503,-157365.846469512,-0.0025628382370498424,0.002527211677828417,32.377720372450725,37.55590373912912,0.15625
2607,31.07,3,0.30000000000000004,0.7,0.3503847833713848,-157377.3621987083,-0.0025688347758363764,0.002483830393164261,33.397986184811394,36.562343898276225,0.15625
2608,31.08,3,0.30000000000000004,0.7,0.6195480477738848,-157324.30144956813,-0.002334548188927287,0.002401638156987922,27.978692954727084,33.005581866775415,0.15625
2609,31.09,4,0.4,0.6,0.14058538972085421,-157339.5105687285,-0.0021938476600374328,0.002563216453153153,26.37336140440122,35.419708867079734,0.15625
2610,31.1,4,0.4,0.6,0.4314398988476648,-157325.70353849858,-0.0024287373544797193,0.0022944916052187072,30.240262631474515,33.67278813159563,0.15625
2611,31.11,3,0.30000000000000004,0.7,0.6106703978581948,-157296.96316304305,-0.002409401711230113,0.0022008691628827176,30.587580509149877,32.78672265866169,0.15625
2612,31.12,4,0.4,0.6,0.25166145124691974,-157351.6067183407,-0.0021747764591175008,0.0025328485579155747,29.564365085679235,35.3979198348555,0.15625
2613,31.13,3,0.30000000000000004,0.7,0.06604674458166332,-157388.3037870023,-0.0024363120789168947,0.0025448860879883715,29.11697216362275,37.06647943885257,0.15625
2614,31.14,3,0.30000000000000004,0.7,0.5109334764508296,-157341.765094995,-0.002663366083248869,0.002173409299122767,31.29680345061505,33.38502816570136,0.15625
2615,31.15,3,0.30000000000000004,0.7,0.6340913424049209,-157364.47591267328,-0.0023542490593186226,0.002508258624726022,27.49424962982121,36.687549597902084,0.15625
2616,31.16,3,0.30000000000000004,0.7,0.6522818130943842,-157381.82095611258,-0.002412318228482022,0.0025615771932636887,30.180964985361406,34.546101305439386,0.15625
2617,31.17,2,0.2,0.8,0.6466754244448466,-157365.71915193592,-0.0022079421641873456,0.0024204012282888093,29.74100716790781,32.99221003295099,0.15625
2618,31.18,2,0.2,0.8,0.6557291327460631,-157338.22851464618,-0.002440152429617917,0.002470391151780481,32.83344289097832,36.153153227856414,0.15625
2619,31.19,3,0.30000000000000004,0.7,0.09171795146302454,-157465.4707792369,-0.0028825878993442434,0.0023582304358688417,34.38684022665737,33.620314439400396,0.15625
2620,31.2,3,0.30000000000000004,0.7,0.2496406016040282,-157378.04570366084,-0.002213638793536284,0.0023292986797335,27.98981421269838,37.07323415944568,0.15625
2621,31.21,4,0.4,0.6,0.5755570786220825,-157301.22798257225,-0.002256639324790785,0.002549220490280329,26.56667392244214,34.86395100270314,0.15625
2622,31.22,3,0.30000000000000004,0.7,0.45513541621935183,-157319.04364009472,-0.002193949087878715,0.00241971320846359,28.16689803737408,35.99061613824702,0.15625
2623,31.23,2,0.2,0.8,0.579465875741974,-157382.72409742253,-0.002323746944558375,0.002120345956291638,31.834224509890987,31.05500957656746,0.15625
2624,31.24,4,0.4,0.6,0.33406570336317815,-157346.17233332153,-0.0028539731421788595,0.0024613544273987616,36.30575663167654,36.24113856555353,0.15625
2625,31.25,5,0.5,0.5,0.18614750522162038,-157315.6778513115,-0.0024795206952247404,0.002587584775928232,30.005717829187567,36.269034203741015,0.15625
2626,31.26,5,0.5,0.5,0.5724146352827929,-157382.7930235079,-0.001955700817457117,0.0025132213191814464,23.661641416689363,35.78215008789779,0.15625
2627,31.27,6,0.6000000000000001,0.3999999999999999,0.565504162057024,-157347.84612845024,-0.0023695781537270296,0.002357555951030705,26.353578474526834,30.996771050690764,0.15625
2628,31.28,5,0.5,0.5,0.16943283079574595,-157295.4204966508,-0.0024857344126778275,0.001919001601902725,31.895409192469767,27.183453149732234,0.15625
2629,31.29,5,0.5,0.5,0.39037502219445736,-157379.41882940748,-0.002475939577149106,0.002463161710732758,32.44474505444678,33.223589875313266,0.15625
2630,31.3,5,0.5,0.5,0.6318803719181625,-157368.00489173175,-0.0027047696431330907,0.00273275012131437,34.21780615620608,34.01860779290226,0.15625
2631,31.31,4,0.4,0.6,0.43516415073383824,-157381.22273024416,-0.002291259357705441,0.0023804137103109707,30.486718069755003,33.53008967783473,0.15625
2632,31.32,4,0.4,0.6,0.5221912022191282,-157341.8929036748,-0.0024930349637551697,0.002137169983102021,29.82999122168978,30.046503106154685,0.15625
2633,31.33,5,0.5,0.5,0.4413668173641823,-157408.37729329846,-0.0024434534282731396,0.002314035052019282,28.98810709966541,34.532053696066185,0.15625
2634,31.34,4,0.4,0.6,0.5343944692682869,-157365.0599524718,-0.002028415883008548,0.002450564986385889,25.807073751657025,35.19564898361554,0.15625
2635,31.35,4,0.4,0.6,0.5365890811504971,-157396.01028648723,-0.0022995937369528208,0.0025377587846155997,29.36256697225087,37.50896725388907,0.15625
2636,31.36,3,0.30000000000000004,0.7,0.44604053016150197,-157342.60441085827,-0.002786213079498745,0.0023222184095976345,34.44613070475769,33.12656302217264,0.15625
2637,31.37,2,0.2,0.8,0.25332210583157905,-157353.00681591954,-0.002325871639556137,0.0021144807830102545,29.574623145597545,31.34625254222988,0.15625
2638,31.38,2,0.2,0.8,0.5062003095486449,-157450.98228852783,-0.0022997916152177307,0.0026470958886618844,27.817475998803356,35.54333924131291,0.15625
2639,31.39,1,0.1,0.9,0.7420019956431098,-157429.9057852576,-0.0023950547536548852,0.0025636848281581056,30.702566417342002,38.23466588535923,0.15625
2640,31.4,1,0.1,0.9,0.8717804876345361,-157429.10408427197,-0.002424269225245121,0.0022841899799071284,31.175026363876647,37.83567575968293,0.15625
2641,31.41,1,0.1,0.9,0.9663507673407008,-157391.1584535166,-0.002377782885263824,0.0024572403125116037,30.43388084054878,36.34782978504734,0.15625
2642,31.42,1,0.1,0.9,0.9492755872624103,-157401.43283413153,-0.0024648423702338944,0.002482637530328893,31.622245005722124,35.942921281080444,0.15625
2643,31.43,1,0.1,0.9,0.9883292505543863,-157463.92046525603,-0.002306228194714522,0.0021983788863913817,29.968115425240857,31.60134387783219,0.15625
2644,31.44,1,0.1,0.9,0.9965151519902502,-157432.97794575847,-0.002162381242337866,0.002335115636130793,28.601829204853985,37.06025202205388,0.15625
2645,31.45,2,0.2,0.8,0.013816298795657607,-157421.9260016538,-0.0026979527031169796,0.002688012272902367,33.02665676009378,39.99119126928848,0.15625
2646,31.46,1,0.1,0.9,0.9792590463749666,-157446.55152494405,-0.0025931428925946715,0.0024487738808716504,32.51664676116442,37.23491178870684,0.15625
2647,31.47,1,0.1,0.9,0.9697396594817378,-157504.75848175393,-0.002275506103779439,0.0019039326827638165,31.388614531575254,28.982415087416246,0.15625
2648,31.48,2,0.2,0.8,0.3559395306882286,-157466.99162873617,-0.002218378153028399,0.0025280677849871553,31.314354706349697,34.671546926948906,0.15625
2649,31.49,1,0.1,0.9,0.5099854092261811,-157407.0671588661,-0.0022921624871471307,0.0028854156217109177,29.61823155240997,39.898332573029776,0.15625
2650,31.5,1,0.1,0.9,0.8850399931341415,-157474.42188925215,-0.002562403463391379,0.0022614944473834235,31.28324097659938,37.384321433578826,0.15625
2651,31.51,1,0.1,0.9,0.9940718264085573,-157375.92617140073,-0.0029722015412071336,0.002292990860046219,33.28634440721435,36.06772025550959,0.15625
2652,31.52,2,0.2,0.8,0.4922862541398797,-157449.83532811058,-0.0020654739735944875,0.002275776985478015,24.888157631048784,32.146751922399076,0.15625
2653,31.53,2,0.2,0.8,0.6869195428118322,-157397.52783326324,-0.0018344248548626313,0.0026186095700407933,24.62337635313914,37.223661762502154,0.15625
2654,31.54,1,0.1,0.9,0.9788411486713426,-157489.05165935887,-0.002734566719437957,0.002605537758322263,34.91924399476622,34.74488757050233,0.15625
2655,31.55,1,0.1,0.9,0.8043573860391091,-157400.95340702665,-0.002437808020811566,0.0022134076737344273,33.84787068326685,36.03596490255992,0.15625
2656,31.56,1,0.1,0.9,0.9817087706086638,-157519.8752514088,-0.002502495421128427,0.0023754479700303266,31.6592324134917,35.17737043176227,0.15625
2657,31.57,2,0.2,0.8,0.5071353133995518,-157333.01128471564,-0.0021614278840001253,0.0025178770068977315,27.083402296591355,38.36400626079483,0.15625
2658,31.58,2,0.2,0.8,0.4266439675890915,-157429.01115740387,-0.0021519542821945214,0.0022450513509080215,25.656365550209088,33.594829116085286,0.15625
2659,31.59,2,0.2,0.8,0.496694868312352,-157371.07443113145,-0.0024680075896622348,0.002193998394607063,30.92624418789909,35.11651181230735,0.15625
2660,31.6,2,0.2,0.8,0.40366833581546935,-157386.2228488959,-0.0027247664006775814,0.002546644860145564,33.53984716117051,36.1691487336292,0.15625
2661,31.61,2,0.2,0.8,0.5005180585181409,-157450.71219749903,-0.002254634878898283,0.002482623012438236,30.323422623973567,35.886615638048816,0.15625
2662,31.62,1,0.1,0.9,0.8977607702313073,-157478.68992668015,-0.0024079813042198936,0.002467388781400873,30.79721821590755,34.49599797922078,0.15625
2663,31.63,1,0.1,0.9,0.9108626420442751,-157362.13691271326,-0.002687138210492988,0.002331120342510079,33.41440911595241,34.761603025721804,0.15625
2664,31.64,1,0.1,0.9,0.992412144493834,-157400.34513665125,-0.0022314808661426946,0.00233165492303271,26.98323977770094,36.88585833123137,0.15625
2665,31.65,1,0.1,0.9,0.9967084924299157,-157535.42467850226,-0.00248258775053109,0.0025389305363105333,30.813277388418577,38.10896999733451,0.15625
2666,31.66,2,0.2,0.8,0.1763911815959015,-157424.37665626375,-0.0024418159653978883,0.002405003181308211,31.75810621230887,35.68209387131718,0.15625
2667,31.67,1,0.1,0.9,0.978642097153039,-157542.24124561378,-0.0023622655961023416,0.0022146037143676803,32.969455364780686,33.747347336032796,0.15625
2668,31.68,1,0.1,0.9,0.9941520745968137,-157550.37478955367,-0.0022924043532082964,0.0024107743619930047,30.90430594275396,35.614794721346854,0.15625
2669,31.69,1,0.1,0.9,0.9913138531834214,-157495.65137890266,-0.002297689949468664,0.00240391122529866,31.90790527938711,35.48864266309748,0.15625
2670,31.7,1,0.1,0.9,0.9330482138717193,-157463.83322428938,-0.002454124368607967,0.0022784123767299156,30.593976299057125,35.340773258585436,0.15625
2671,31.71,2,0.2,0.8,0.49786870041627135,-157457.19790992123,-0.002623168380360984,0.002246645252772206,30.915366770890746,35.216053285832146,0.15625
2672,31.72,3,0.30000000000000004,0.7,0.73097029747785,-157445.0900498675,-0.002374042240007407,0.0024003869375393456,28.98187342268734,37.35725867326273,0.15625
2673,31.73,3,0.30000000000000004,0.7,0.6572549448341625,-157486.761137579,-0.002277247636497759,0.0026030673160733373,27.620142800521403,35.159106986178045,0.15625
2674,31.74,4,0.4,0.6,0.5483637719440633,-157382.8286416911,-0.0023595657767885914,0.0022703459523549137,31.74099818379998,31.246075302590057,0.15625
2675,31.75,5,0.5,0.5,0.483745088695233,-157496.67476419362,-0.0026247920218238647,0.0024799106309429256,32.6726311495674,33.304151646898006,0.15625
2676,31.76,4,0.4,0.6,0.36246156082763326,-157465.1126158759,-0.002399951874313698,0.0024165882008195493,29.697901132222395,34.18013502319905,0.15625
2677,31.77,3,0.30000000000000004,0.7,0.261603124058686,-157410.81089231442,-0.0023527752206604306,0.0022656500024753274,29.06949821167345,34.49736102869054,0.15625
2678,31.78,3,0.30000000000000004,0.7,0.23860319190719098,-157417.32979827723,-0.0025011334935770763,0.00247638334408876,30.300624251069706,36.077407833649886,0.15625
2679,31.79,3,0.30000000000000004,0.7,0.38527280125563523,-157402.8807206529,-0.002126311824461995,0.0025136258635334633,26.625434577425537,37.29765747423556,0.15625
2680,31.8,5,0.5,0.5,0.03403286562809976,-157439.54292542476,-0.002550148698002139,0.0024578784829107194,32.082955532611294,34.268789991057965,0.15625
2681,31.81,6,0.6000000000000001,0.3999999999999999,0.7366729093239116,-157420.58282256406,-0.0027020194694765518,0.0023918105659264965,32.86242752244536,33.634517031483874,0.15625
2682,31.82,7,0.7000000000000001,0.29999999999999993,0.20596949820101024,-157505.9062158843,-0.0024051308777661307,0.0021093485218782277,31.852259878725988,29.650850239775323,0.15625
2683,31.83,6,0.6000000000000001,0.3999999999999999,0.8683803092603732,-157455.9598963853,-0.002283959385458797,0.002377979582463942,29.22986601609535,32.672477750457546,0.15625
2684,31.84,6,0.6000000000000001,0.3999999999999999,0.3943822611179613,-157491.65144763485,-0.002333235184116549,0.0024181872955172626,27.876707911926953,31.622498669752023,0.15625
2685,31.85,6,0.6000000000000001,0.3999999999999999,0.8552346659063836,-157369.62437252293,-0.0023614274483558656,0.0023417899506452972,29.976441099269675,31.43024159913061,0.15625
2686,31.86,6,0.6000000000000001,0.3999999999999999,0.8210818519842583,-157525.46446533877,-0.002865324242176526,0.0025175571034877675,33.74757403548954,30.77356368928974,0.15625
2687,31.87,6,0.6000000000000001,0.3999999999999999,0.8308758617541238,-157463.21008015337,-0.0024111221646499746,0.0023608052985837034,32.112278255463785,28.386768727464847,0.15625
2688,31.88,6,0.6000000000000001,0.3999999999999999,0.7727727882573794,-157379.6968973748,-0.001965145962108252,0.002422241574937805,24.8861274598525,29.564364732786437,0.15625
2689,31.89,6,0.6000000000000001,0.3999999999999999,0.776218427294994,-157390.4035794758,-0.00279618175788623,0.00215654725999433,33.311332218751495,27.967361549953413,0.15625
2690,31.9,6,0.6000000000000001,0.3999999999999999,0.6872583046121341,-157368.22589083537,-0.0026469668730636346,0.002139609288600658,31.55762835731047,29.88794929708095,0.15625
2691,31.91,7,0.7000000000000001,0.29999999999999993,0.4900421709430751,-157581.41805712177,-0.002568868920588227,0.0024623412556321837,32.70586885977556,31.582084050725285,0.15625
2692,31.92,7,0.7000000000000001,0.29999999999999993,0.4212504276085836,-157455.8430492512,-0.0024118144989100647,0.0026537677857118415,30.265994786292808,30.481315042234684,0.15625
2693,31.93,6,0.6000000000000001,0.3999999999999999,0.49971499876937087,-157536.33312520408,-0.001909263300740987,0.002084155695378289,27.318792777894775,28.626183385846783,0.15625
2694,31.94,7,0.7000000000000001,0.29999999999999993,0.021262516440462117,-157492.51148165253,-0.0025131683171209372,0.002258648948345922,30.52218818013024,29.572100107666788,0.15625
2695,31.95,6,0.6000000000000001,0.3999999999999999,0.47722268750957375,-157486.2850910425,-0.0026688513412087105,0.0025927160998927843,32.76053363021413,38.06404964576696,0.15625
2696,31.96,6,0.6000000000000001,0.3999999999999999,0.49617443629213975,-157441.82515062342,-0.002361030143524965,0.0025940836646916165,28.96458503648955,35.54923134505712,0.15625
2697,31.97,7,0.7000000000000001,0.29999999999999993,0.1455343236353488,-157530.32015164776,-0.0024172919146563643,0.002329491519349092,32.50172216110323,32.309287520332425,0.15625
2698,31.98,7,0.7000000000000001,0.29999999999999993,0.46407944742515805,-157503.94083837784,-0.0022721561297075186,0.002152610307464169,30.00652439017347,28.344079852410566,0.15625
2699,31.99,7,0.7000000000000001,0.29999999999999993,0.5330741559049097,-157502.99738509353,-0.0022205860939908044,0.002349114932972526,29.85556390522962,32.38811224998683,0.15625
2700,32.0,6,0.6000000000000001,0.3999999999999999,0.5942483849040346,-157375.70059750968,-0.002743149734477211,0.002433635502623447,33.66300155906537,32.2172926740608,0.15625
2701,32.01,5,0.5,0.5,0.38161107945916345,-157455.36645767678,-0.002674643413610436,0.0023384852508726516,33.31702719479732,31.79200222582829,0.15625
2702,32.02,4,0.4,0.6,0.62286537645686,-157262.17226821787,-0.002446862651403348,0.0024353832387277383,31.75155256017169,34.18843129474907,0.15625
2703,32.03,5,0.5,0.5,0.4185746439697736,-157404.01014982906,-0.0024575601402412137,0.002521742167144627,30.070271825036865,32.73543306171807,0.15625
2704,32.04,4,0.4,0.6,0.5395670898837902,-157322.20877885653,-0.002085182674830823,0.002518246077571799,26.337223375399617,35.1511052454038,0.15625
2705,32.05,4,0.4,0.6,0.5834793501338786,-157404.1476906985,-0.002450311589270806,0.0025202538811504764,29.931764287380634,33.58704191993951,0.15625
2706,32.06,5,0.5,0.5,0.5964321690754978,-157328.93041557353,-0.0027247604100822482,0.002077223111837436,35.59691800727841,32.24790160847664,0.15625
2707,32.07,5,0.5,0.5,0.7176214846348618,-157383.28347539395,-0.0022651390134805875,0.0023084287794814338,30.241808502295722,32.3398464957639,0.15625
2708,32.08,5,0.5,0.5,0.48165994790067446,-157349.14542813477,-0.002017726267828547,0.0028151358744184793,26.899085052562178,39.649070442858715,0.15625
2709,32.09,4,0.4,0.6,0.6223121954911511,-157406.65596961748,-0.0025907410577750015,0.002202100630691683,30.357596818316637,29.56004311702959,0.15625
2710,32.1,5,0.5,0.5,0.6153732817259419,-157402.04506106756,-0.0026351618725918074,0.0019313503508381021,34.40197486476777,29.476818790972835,0.15625
2711,32.11,6,0.6000000000000001,0.3999999999999999,0.37428090128334157,-157445.79686549713,-0.0025970261902347803,0.0025456428216740485,33.61753174187854,32.747011291008626,0.15625
2712,32.12,6,0.6000000000000001,0.3999999999999999,0.48112443053028026,-157420.61991245873,-0.0021853358603913207,0.002862715517963857,29.886027934521927,36.075695978605104,0.15625
2713,32.13,5,0.5,0.5,0.10665345607916714,-157352.6635042652,-0.0024635988849354327,0.0023401669087510005,32.54493145195409,32.3969849162968,0.15625
2714,32.14,6,0.6000000000000001,0.3999999999999999,0.41198359123566036,-157386.84193366932,-0.0027104247424780824,0.0021073345064137276,32.04424817680371,30.755063496119288,0.15625
2715,32.15,5,0.5,0.5,0.6228004944626842,-157471.07763203295,-0.0023442506314610926,0.0024690010864985767,27.414350739272948,33.98487764352026,0.15625
2716,32.16,5,0.5,0.5,0.4155552702535827,-157503.96073996156,-0.002354871510731134,0.002652346904549965,29.3206574870124,32.87459569064486,0.15625
2717,32.17,6,0.6000000000000001,0.3999999999999999,0.021738988575524535,-157354.34632149982,-0.002295324089303528,0.002219816699369832,33.35113450327834,31.215899333140303,0.15625
2718,32.18,5,0.5,0.5,0.5087255715091044,-157337.38803902623,-0.0024299161036408666,0.0021590002868645043,32.74195272218474,29.338966231561162,0.15625
2719,32.19,5,0.5,0.5,0.24319564775272462,-157369.33797641832,-0.0024629998873035228,0.002416775212535352,32.06708519303183,35.441996541880094,0.15625
2720,32.2,4,0.4,0.6,0.5593594266569769,-157404.20197697193,-0.0025017608075346472,0.002366458907776384,28.544741295935342,31.49662380581739,0.15625
2721,32.21,5,0.5,0.5,0.5464104799966502,-157347.44933724919,-0.002377271373179031,0.0021180121318154334,32.07682285936286,32.59644537583948,0.15625
2722,32.22,4,0.4,0.6,0.6675332831493939,-157325.3100981836,-0.002415969531827019,0.0027579039058528813,28.952829459464,35.10282249395386,0.15625
2723,32.23,4,0.4,0.6,0.6971607201605631,-157400.1290383443,-0.002555149351441757,0.0026814778694336143,34.166368971325966,36.593203577837606,0.15625
2724,32.24,3,0.30000000000000004,0.7,0.22622883503311023,-157447.4727968403,-0.0023931196717620626,0.002171335720018141,31.89684706273276,31.203656842257942,0.15625
2725,32.25,4,0.4,0.6,0.20510853666800918,-157406.91327130896,-0.00242989600731224,0.002406493917689514,31.82498345749504,32.92552357302664,0.15625
2726,32.26,4,0.4,0.6,0.5640393872453293,-157380.188150406,-0.002259057590110498,0.0026654081680550184,27.59539676628467,37.74171074146815,0.15625
2727,32.27,3,0.30000000000000004,0.7,0.3259806822199302,-157462.86097145104,-0.002610526280248056,0.0022030628818886415,32.669626817692794,32.908256745514514,0.15625
2728,32.28,3,0.30000000000000004,0.7,0.6704281358784563,-157337.67442980176,-0.0025176974667300094,0.0022676134159455965,32.02843153629295,32.17735854205652,0.15625
2729,32.29,3,0.30000000000000004,0.7,0.570178250659234,-157398.91867776326,-0.0022529986607995713,0.0024055371186804475,31.4282891281623,33.98870616478769,0.15625
2730,32.3,3,0.30000000000000004,0.7,0.6077289296564891,-157480.78776941734,-0.002187164514020014,0.0026142140402037398,28.52644747662617,35.45489785497094,0.15625
2731,32.31,3,0.30000000000000004,0.7,0.4847830498138317,-157311.9413777446,-0.002390169669499601,0.0023081268192962157,30.5089209487394,35.27338348879618,0.15625
2732,32.32,4,0.4,0.6,0.6594199448475696,-157554.65964196334,-0.0026990160918850597,0.0021919631258421786,32.61833622475253,31.554257650195233,0.15625
2733,32.33,6,0.6000000000000001,0.3999999999999999,0.01715901492761427,-157370.0535673136,-0.002434138106832347,0.0024438975984558656,30.995550867698235,33.791873083404596,0.15625
2734,32.34,6,0.6000000000000001,0.3999999999999999,0.5438369070619584,-157418.30522662678,-0.0021391173317516082,0.002577551694324797,28.729494063520242,33.37064808389956,0.15625
2735,32.35,6,0.6000000000000001,0.3999999999999999,0.521331597847979,-157352.4042529252,-0.0024500342376170187,0.0023535897527536525,32.08629076765107,32.30464076451091,0.15625
2736,32.36,5,0.5,0.5,0.5825816395523028,-157498.51024870016,-0.002659295669236132,0.002215267066975427,32.535738180978,30.872356086305278,0.15625
2737,32.37,5,0.5,0.5,0.31686824250206325,-157403.1546381185,-0.0023800172412659377,0.0025015717131656985,30.525981911555643,35.10805070609903,0.15625
2738,32.38,6,0.6000000000000001,0.3999999999999999,0.6614762679236798,-157394.1596666781,-0.002509819216408801,0.002690585278664732,30.132361080550282,35.60116159416026,0.15625
2739,32.39,6,0.6000000000000001,0.3999999999999999,0.5461562245212276,-157352.82954573163,-0.002463245511160094,0.002212731275264568,32.436712692055984,31.862947091084493,0.15625
2740,32.4,6,0.6000000000000001,0.3999999999999999,0.3257250269534586,-157443.99302571375,-0.002351552212500341,0.0022094685607580338,30.529908021594434,31.49871270661946,0.15625
2741,32.41,7,0.7000000000000001,0.29999999999999993,0.49361650460044404,-157455.21084871964,-0.002583098471852624,0.002444952329800494,32.542917360398164,31.52892896335863,0.15625
2742,32.42,7,0.7000000000000001,0.29999999999999993,0.8109869206403494,-157482.18938305567,-0.002345721641732232,0.0023497832676574563,30.16376271643374,30.953727237179915,0.15625
2743,32.43,7,0.7000000000000001,0.29999999999999993,0.40472436209231755,-157366.7547354705,-0.0022551113606584794,0.002353921009685948,28.634679679322087,30.407688435150213,0.15625
2744,32.44,7,0.7000000000000001,0.29999999999999993,0.7961182280282971,-157430.89597345144,-0.0023760594727254385,0.0023915974899036616,31.74017540261962,33.00820740336754,0.15625
2745,32.45,6,0.6000000000000001,0.3999999999999999,0.4172703246048077,-157364.72222956223,-0.0025239546832996353,0.002545350214067833,31.480376012240555,33.53703539952188,0.15625
2746,32.46,6,0.6000000000000001,0.3999999999999999,0.62243080629257,-157360.42523052794,-0.0025087366387953926,0.0024557904947705017,31.858713041474893,32.46586681822913,0.15625
2747,32.47,6,0.6000000000000001,0.3999999999999999,0.5747862665489439,-157412.89353761985,-0.0026042940531954177,0.0021104625287810476,33.47967034383391,26.961947709091394,0.15625
2748,32.48,6,0.6000000000000001,0.3999999999999999,0.49617035828883177,-157405.67155246096,-0.0026688597667249197,0.0023424016334959007,33.86695416853373,29.46019769535861,0.15625
2749,32.49,6,0.6000000000000001,0.3999999999999999,0.4788080065151637,-157388.37708926114,-0.002369334992119638,0.0025080590328064845,30.41461854538391,33.06423271421108,0.15625
2750,32.5,3,0.30000000000000004,0.7,0.016032518530493905,-157370.91238066248,-0.0021556118279291523,0.002481917506455483,29.896578862195575,38.11523363406618,0.15625
2751,32.51,3,0.30000000000000004,0.7,0.4142414282216222,-157318.23577941925,-0.0024320518272570946,0.0024815327222098005,28.37170113349096,35.92345408883405,0.15625
2752,32.52,2,0.2,0.8,0.661959838668773,-157454.1493245659,-0.0024985530719195473,0.0021700249763246804,31.40578878646027,33.989863640326384,0.15625
2753,32.53,1,0.1,0.9,0.3706207823406106,-157365.26408082756,-0.0024162288672611065,0.0022967447546185975,30.4048287152494,31.83019085419082,0.15625
2754,32.54,2,0.2,0.8,0.5213122982146011,-157391.50661074757,-0.00213794204447074,0.0025817682040282465,29.77645476251213,35.09969615602611,0.15625
2755,32.55,1,0.1,0.9,0.28196625246085166,-157314.59046416543,-0.002374721847652671,0.0024827679239880617,34.81575884639707,36.162551000186454,0.15625
2756,32.56,1,0.1,0.9,0.44331302769031744,-157440.74958648815,-0.002659669206361776,0.0024183290023276228,34.286602572532125,38.39679843658042,0.15625
2757,32.57,2,0.2,0.8,0.6692311586833338,-157391.2017316596,-0.0021799159561065994,0.0022938746557109313,27.59242993821439,36.08854445912397,0.15625
2758,32.58,3,0.30000000000000004,0.7,0.44601823500449134,-157409.43916825418,-0.0023691635219325125,0.0023111206405736703,27.302103676150985,33.193960851008306,0.15625
2759,32.59,4,0.4,0.6,0.7271618398919178,-157274.0682984341,-0.0026969165476444608,0.002365307804687752,32.05659358326394,32.29228820137064,0.15625
2760,32.6,5,0.5,0.5,0.47161075692398835,-157380.41378128203,-0.00232575026478619,0.002454291510371944,31.360368177555756,32.9704085495552,0.15625
2761,32.61,6,0.6000000000000001,0.3999999999999999,0.18291175155958597,-157359.8750547397,-0.0024594701209015497,0.002750334053818035,34.5843000719371,36.35270456541179,0.15625
2762,32.62,5,0.5,0.5,0.5060816449678307,-157377.09949152503,-0.002521220501803533,0.002333122903872411,31.538884759790978,30.272524518997702,0.15625
2763,32.63,5,0.5,0.5,0.6930564726050904,-157418.6270920682,-0.002231542917763297,0.0019651067866505757,29.99062460663995,30.552824162874764,0.15625
2764,32.64,5,0.5,0.5,0.5741358340832791,-157442.58655925342,-0.002573212337348035,0.002309365616828585,29.764698336702516,30.315103020431977,0.15625
2765,32.65,4,0.4,0.6,0.33691121871082746,-157360.74271127902,-0.0022102403756128594,0.0027156923406412414,27.819444552962008,38.8548777841056,0.15625
2766,32.66,4,0.4,0.6,0.5973269474078519,-157428.893974994,-0.0022516819507529895,0.002636388213030623,29.009323737730885,36.45022347715562,0.15625
2767,32.67,4,0.4,0.6,0.7086282961485015,-157484.72061897654,-0.002816227732060839,0.0022181478216177597,34.75177419524439,31.696069052527417,0.15625
2768,32.68,3,0.30000000000000004,0.7,0.19093743679614272,-157465.49496099204,-0.0023560699797809696,0.001976787359931824,31.67506622167028,27.695250822407605,0.15625
2769,32.69,4,0.4,0.6,0.55944420076457,-157333.00956445912,-0.002116390638863216,0.002409169934403925,28.816517962492824,32.3324358981861,0.15625
2770,32.7,3,0.30000000000000004,0.7,0.3822113294087293,-157415.40552228538,-0.002628402098624575,0.0027728449000800964,31.64159110507042,36.91357424567294,0.15625
2771,32.71,2,0.2,0.8,0.20460454142221243,-157432.17661856435,-0.002495397355222426,0.002309335071271915,32.19138537728449,36.00728014209713,0.15625
2772,32.72,4,0.4,0.6,0.24182792511450085,-157383.1527578953,-0.0025707252990754942,0.0025039397696720533,30.906559429267773,35.80610220624961,0.15625
2773,32.73,5,0.5,0.5,0.679689868230895,-157465.1719288469,-0.0023512863389963325,0.0024437699972501828,29.333650052403065,32.72230290353989,0.15625
2774,32.74,5,0.5,0.5,0.40567500366674675,-157436.2267242006,-0.0019883108578182423,0.0021809932688823214,27.123740089973463,31.243320601676523,0.15625
2775,32.75,5,0.5,0.5,0.6249304887550683,-157399.01477349168,-0.0026954774211417295,0.00223322075467095,33.351708192314724,29.94215077342263,0.15625
2776,32.76,4,0.4,0.6,0.6510080201544068,-157429.31214959463,-0.002548513015583358,0.002338424908660584,33.67792129355238,34.024416980968944,0.15625
2777,32.77,5,0.5,0.5,0.5992653441074525,-157403.68183968542,-0.002242291248714205,0.0026227494084848984,30.284579141532596,37.28014250640213,0.15625
2778,32.78,5,0.5,0.5,0.41066425638375775,-157431.5124809104,-0.002397092779488743,0.002568521403333633,29.179376985420564,33.64860309192833,0.15625
2779,32.79,6,0.6000000000000001,0.3999999999999999,0.28461055934872526,-157484.5643891973,-0.0021339808051923223,0.0021644977137496887,27.12592844444413,30.56817403010325,0.15625
2780,32.8,6,0.6000000000000001,0.3999999999999999,0.5419311639653319,-157357.65130359476,-0.0023838734578955382,0.0021731041440875495,28.596053802881997,29.91607140090988,0.15625
2781,32.81,6,0.6000000000000001,0.3999999999999999,0.323429862653933,-157413.49126339753,-0.002613919974597288,0.0025658342155479444,32.69058428755032,34.84105473806206,0.15625
2782,32.82,5,0.5,0.5,0.553812753271587,-157452.8514692138,-0.002601717433272301,0.002614702020762703,34.47597976584879,35.63262303007706,0.15625
2783,32.83,6,0.6000000000000001,0.3999999999999999,0.2997847969827893,-157435.7440059411,-0.0024222615036795458,0.0024205767331550937,30.283792178785557,33.49301891441934,0.15625
2784,32.84,6,0.6000000000000001,0.3999999999999999,0.46152668221594373,-157424.06168603152,-0.002358155444069407,0.0021979913096493906,29.264779022441207,30.49553291024972,0.15625
2785,32.85,7,0.7000000000000001,0.29999999999999993,0.2940278004655133,-157294.64981195342,-0.0023311691780165565,0.002246502556016489,28.02520166169103,30.557516312422152,0.15625
2786,32.86,7,0.7000000000000001,0.29999999999999993,0.7795185720315164,-157547.47158937002,-0.0024920595937424845,0.002324617805719668,32.34484225064815,32.951483405022145,0.15625
2787,32.87,7,0.7000000000000001,0.29999999999999993,0.8507176005201106,-157480.66083740274,-0.0025377950321859963,0.0024990882453326192,33.16142818820277,34.06921612211601,0.15625
2788,32.88,7,0.7000000000000001,0.29999999999999993,0.8439274473972728,-157507.16753437644,-0.002303553859609819,0.002484515770461438,29.181861867925107,33.043483230477555,0.15625
2789,32.89,7,0.7000000000000001,0.29999999999999993,0.8441094772355774,-157431.48292849888,-0.002232318768126099,0.0023321139048084697,28.080396268744376,28.105659159391575,0.15625
2790,32.9,7,0.7000000000000001,0.29999999999999993,0.8264259351218225,-157523.06877056605,-0.0023556618130228264,0.002146619465869428,30.17157055651684,26.45894817560128,0.15625
2791,32.91,7,0.7000000000000001,0.29999999999999993,0.7947108373887709,-157476.19750713842,-0.0026736412089372118,0.00227609513861169,32.97099936741976,27.447717660568053,0.15625
2792,32.92,7,0.7000000000000001,0.29999999999999993,0.4938473882108072,-157522.7062357758,-0.0027052565880887267,0.002445998744200006,35.04718281955788,28.765466169575244,0.15625
2793,32.93,7,0.7000000000000001,0.29999999999999993,0.7270467184060211,-157521.0690242277,-0.0025260759270046332,0.0024050865061297816,32.302913842241104,27.27784599550726,0.15625
2794,32.94,7,0.7000000000000001,0.29999999999999993,0.5948489556776877,-157449.90290309588,-0.0026010824553054017,0.002250792066716442,31.941156064417314,24.2230640543862,0.15625
2795,32.95,7,0.7000000000000001,0.29999999999999993,0.696261478291993,-157544.53784082492,-0.0023469760011040315,0.0019005109911986316,29.969873473064126,22.338061351061945,0.15625
2796,32.96,6,0.6000000000000001,0.3999999999999999,0.5847594702958129,-157505.04746517044,-0.0025788785791938562,0.002085760767865376,33.19632003041307,25.41616013508562,0.15625
2797,32.97,6,0.6000000000000001,0.3999999999999999,0.5481001102842018,-157441.67875783393,-0.002612586587491851,0.0027857250853494933,31.6290597982528,32.93701971455772,0.15625
2798,32.98,6,0.6000000000000001,0.3999999999999999,0.5626785115499863,-157448.5322685674,-0.0022362305988092887,0.0025552279217784532,28.773822907575582,31.831033171295303,0.15625
2799,32.99,8,0.8,0.19999999999999996,0.06531204925769606,-157493.591321157,-0.00243954938998538,0.0021656675242337116,29.86075480268428,27.900794218503357,0.15625
2800,33.0,7,0.7000000000000001,0.29999999999999993,0.2122682304372101,-157472.25630393808,-0.002483529501548858,0.0019284482399516136,32.926319476273726,24.67072954786959,0.15625
2801,33.01,7,0.7000000000000001,0.29999999999999993,0.14134127540830793,-157441.922347272,-0.0023616705863391306,0.0022375094031679642,30.84057850163705,27.36995139437529,0.15625
2802,33.02,7,0.7000000000000001,0.29999999999999993,0.6602248035565916,-157496.59820898008,-0.0023923844873628497,0.0023842473358620274,30.142615422556545,30.602431398883514,0.15625
2803,33.03,7,0.7000000000000001,0.29999999999999993,0.30409023350988584,-157513.01389282793,-0.0026594123138331824,0.002351875596303946,32.033948844374734,29.629478602567037,0.15625
2804,33.04,6,0.6000000000000001,0.3999999999999999,0.5333876775025305,-157521.1179648608,-0.00253144789849166,0.0024625711085779853,30.835093650326638,30.907968083908933,0.15625
2805,33.05,5,0.5,0.5,0.25633455924382853,-157457.14026606537,-0.002541266797051045,0.0022544674546463523,33.574038539390514,25.98356533213005,0.15625
2806,33.06,6,0.6000000000000001,0.3999999999999999,0.6216611289129785,-157453.1749792168,-0.002406027825331892,0.0024412167056578338,30.00056947511406,26.608523331815675,0.15625
2807,33.07,6,0.6000000000000001,0.3999999999999999,0.5821244787312185,-157447.4576165162,-0.002576543773379154,0.0019737047965070788,32.58893338874489,21.685077702738127,0.15625
2808,33.08,5,0.5,0.5,0.7373759413094518,-157561.2731930609,-0.0024771904283786158,0.002222019072892235,32.462222609610066,26.734128506648958,0.15625
2809,33.09,5,0.5,0.5,0.6049469320233348,-157456.64743076163,-0.0024880433114962196,0.002524600959984155,33.86850302180498,30.075635714819096,0.15625
2810,33.1,5,0.5,0.5,0.5560860670867527,-157411.3014705657,-0.0023497239980226586,0.0023184866194961204,29.772745857474515,29.1100750856737,0.15625
2811,33.11,4,0.4,0.6,0.6083995649837399,-157441.48279177918,-0.002438159837702885,0.0021348056251562207,31.220157354839596,27.665944198115387,0.15625
2812,33.12,5,0.5,0.5,0.6100251455209555,-157524.629753442,-0.0024844211769017026,0.0021451671764304257,29.995740067704343,25.48310878383029,0.15625
2813,33.13,6,0.6000000000000001,0.3999999999999999,0.3493825404022672,-157503.2441958526,-0.002453550735254435,0.0024261872779083446,31.893684146453868,27.78653537015303,0.15625
2814,33.14,5,0.5,0.5,0.37952863337924836,-157525.02850379312,-0.002381470629320451,0.0024622723305769497,32.41030652880249,28.102128813620567,0.15625
2815,33.15,5,0.5,0.5,0.30943806398812673,-157526.5717749484,-0.0025215412029622824,0.0022049454586941706,31.97224967863045,26.596135485165085,0.15625
2816,33.16,5,0.5,0.5,0.5704842322668916,-157444.6540746097,-0.002633838559018019,0.0023674801173819153,32.48321530986348,28.131850124581494,0.15625
2817,33.17,4,0.4,0.6,0.23179243700628155,-157565.7102076889,-0.002425021520569024,0.0024964278333431704,30.478146858605733,29.347085872812347,0.15625
2818,33.18,4,0.4,0.6,0.4083395780314799,-157499.6939720462,-0.002511049992716585,0.002084226132090826,32.904380167590936,23.614568586634338,0.15625
2819,33.19,3,0.30000000000000004,0.7,0.02655796080108134,-157543.4559180332,-0.002477202705730026,0.0020395175815407073,33.49736748995418,24.195332547871327,0.15625
2820,33.2,4,0.4,0.6,0.47363225623504296,-157519.91391597074,-0.0024969211948587112,0.002291276889414973,32.52275246587233,25.463289544628562,0.15625
2821,33.21,5,0.5,0.5,0.3151909462364566,-157573.72225781356,-0.002341881734290951,0.0023818059991093923,30.895188011044244,31.34344426691471,0.15625
2822,33.22,6,0.6000000000000001,0.3999999999999999,0.026802606582555014,-157618.87441455584,-0.0025087028785011345,0.002333366687337568,31.109961310540424,29.53570452439682,0.15625
2823,33.23,5,0.5,0.5,0.26867041727555047,-157643.719159206,-0.0023775817182861837,0.0022439749317895675,29.939688479716143,27.579782030311065,0.15625
2824,33.24,6,0.6000000000000001,0.3999999999999999,0.5644725980821012,-157601.67032519824,-0.0023569443714554997,0.002219609180194109,30.05998753097902,25.248216466956993,0.15625
2825,33.25,5,0.5,0.5,0.5413075264380447,-157727.18955433174,-0.00252870105960981,0.002339855506371733,32.68060331626991,26.639856050265433,0.15625
2826,33.26,6,0.6000000000000001,0.3999999999999999,0.5547481833405989,-157610.881062074,-0.002613144642227687,0.002321326656247344,32.915586692163934,27.486361995608945,0.15625
2827,33.27,4,0.4,0.6,0.4830391485714614,-157721.03647774804,-0.00255328717692995,0.0021993374647789783,33.82552804105238,28.673170969148757,0.15625
2828,33.28,4,0.4,0.6,0.6168685368091703,-157642.24713486736,-0.0025706822743715493,0.002505298330214601,31.046850459115266,28.33221945974898,0.15625
2829,33.29,4,0.4,0.6,0.8068874906236394,-157670.35456113511,-0.002323892584574488,0.0023084352209933653,31.198333542549907,25.229131615730797,0.15625
2830,33.3,4,0.4,0.6,0.6039684515877292,-157646.6281418969,-0.0023170833879320877,0.002149309051770673,29.420457995553203,25.224030425351707,0.15625
2831,33.31,4,0.4,0.6,0.6796361260791697,-157551.56712027793,-0.002579734817857413,0.002176089304957871,34.72304085681919,26.52999479662549,0.15625
2832,33.32,4,0.4,0.6,0.6195269485227308,-157588.84064407306,-0.002153197033576709,0.00253404743163641,28.49300912663897,32.074776847778615,0.15625
2833,33.33,4,0.4,0.6,0.1647708666947472,-157587.62539243934,-0.0026610019540570474,0.002461614934321549,32.57982144941829,28.671768793532042,0.15625
2834,33.34,5,0.5,0.5,0.5221209494874732,-157651.96417461027,-0.0025249245872089937,0.0020360169079730243,32.606626209528784,24.858340243455853,0.15625
2835,33.35,5,0.5,0.5,0.3479270517900595,-157614.7299778547,-0.0022070190908421803,0.00203845215588354,29.419249736502305,23.87232485656196,0.15625
2836,33.36,5,0.5,0.5,0.24227595825504228,-157691.78022514307,-0.002609871376344248,0.002577302840284305,32.140446967454515,28.16335624077314,0.15625
2837,33.37,5,0.5,0.5,0.27990330518787027,-157559.1339367316,-0.0024243532749798702,0.0022976152369694686,32.446853404336096,27.666168208275348,0.15625
2838,33.38,4,0.4,0.6,0.5166059185014505,-157750.8473405045,-0.00246673201631001,0.002170063365472331,33.32786123798257,27.116934527429603,0.15625
2839,33.39,4,0.4,0.6,0.43962739328008127,-157542.42209682395,-0.002789460517708085,0.002215783972926315,33.20047941582708,25.504327244263852,0.15625
2840,33.4,4,0.4,0.6,0.4634935330889466,-157599.35531773925,-0.002280359084982255,0.0021779735483568484,29.875736549295343,25.373909009778984,0.15625
2841,33.41,5,0.5,0.5,0.563750159874234,-157674.72108282096,-0.0020833457810695835,0.002438575067140664,26.651311772108272,28.682875813443694,0.15625
2842,33.42,6,0.6000000000000001,0.3999999999999999,0.2595896209667343,-157647.49502001365,-0.002426466842180545,0.002496487314748653,30.883664550080287,31.0619521186874,0.15625
2843,33.43,5,0.5,0.5,0.10986265780599028,-157730.10232013688,-0.0024541247626478514,0.002276590666639503,31.72626550725731,29.98203582658036,0.15625
2844,33.44,7,0.7000000000000001,0.29999999999999993,0.6538446420979788,-157675.23166732726,-0.0024253032382941494,0.0022075785664324196,31.282253085975423,26.30130804133162,0.15625
2845,33.45,5,0.5,0.5,0.07909040117426229,-157700.19655503475,-0.002565443536147913,0.002299389469295379,34.727414550195945,26.0704210171799,0.15625
2846,33.46,5,0.5,0.5,0.309182869907015,-157675.7515572034,-0.002450043117389545,0.002248329201471866,31.129663425765774,25.26847429099889,0.15625
2847,33.47,6,0.6000000000000001,0.3999999999999999,0.7008413868866149,-157670.64224462304,-0.002372138707956284,0.002192706327976233,30.722100146792116,27.532667771437875,0.15625
2848,33.48,6,0.6000000000000001,0.3999999999999999,0.6419886535664983,-157740.89147684324,-0.0026481740070678217,0.002237918550554068,33.519380568510165,27.936402300215654,0.15625
2849,33.49,7,0.7000000000000001,0.29999999999999993,0.6089467167070857,-157815.3120606388,-0.002365675518641339,0.0024175619354705373,31.079526433915024,28.489290299223324,0.15625
2850,33.5,8,0.8,0.19999999999999996,0.010062535464044122,-157749.1656500767,-0.002387289110584693,0.002523869296572918,31.30931901258888,26.911113712692458,0.15625
2851,33.51,7,0.7000000000000001,0.29999999999999993,0.6380055087393394,-157748.52984240864,-0.0024182769672069066,0.0021257389175555925,31.478847751885723,23.401732517180058,0.15625
2852,33.52,6,0.6000000000000001,0.3999999999999999,0.40386849230183697,-157755.20779781407,-0.0021861615694728767,0.002386224666790852,28.502988566958788,30.579243217989987,0.15625
2853,33.53,7,0.7000000000000001,0.29999999999999993,0.542923519449561,-157737.2357415535,-0.0027734839849305978,0.0024382553755965923,33.406666899029446,31.88895051887949,0.15625
2854,33.54,7,0.7000000000000001,0.29999999999999993,0.5603368258819655,-157710.31033564842,-0.0024239904362007305,0.002320924210348212,30.982729212289335,31.56963066315278,0.15625
2855,33.55,7,0.7000000000000001,0.29999999999999993,0.37078932402919085,-157736.20846679242,-0.002109843710927488,0.002124820535148895,28.83763585496568,26.281018508943376,0.15625
2856,33.56,7,0.7000000000000001,0.29999999999999993,0.48842128007990343,-157680.65596245247,-0.0026041999237523274,0.002456832819893142,31.87608510554065,27.47773833531983,0.15625
2857,33.57,6,0.6000000000000001,0.3999999999999999,0.5727212845943056,-157739.64447236367,-0.0025594295596639296,0.001962479316330312,33.07004969804761,23.84523276917571,0.15625
2858,33.58,8,0.8,0.19999999999999996,0.3628591573605301,-157886.01453289454,-0.002311302917430517,0.002075541821126331,32.08405073193327,27.71644600859587,0.15625
2859,33.59,8,0.8,0.19999999999999996,0.29474935907257593,-157835.07689287775,-0.0025896776155599267,0.002864545823177262,31.486693045717956,32.78396746755465,0.15625
2860,33.6,8,0.8,0.19999999999999996,0.8627379747977619,-157905.93170549112,-0.0021609111020796145,0.002395303652681315,27.935797754643968,29.289288144250254,0.15625
2861,33.61,6,0.6000000000000001,0.3999999999999999,0.09116297160743558,-157728.0192528632,-0.00237085396435767,0.002061971644624989,29.68518231842336,26.272668113375197,0.15625
2862,33.62,6,0.6000000000000001,0.3999999999999999,0.47338822986514323,-157762.48997224466,-0.002845566595321967,0.0022655475605687443,33.08724243373062,25.761594531337575,0.15625
2863,33.63,5,0.5,0.5,0.32186321222325803,-157678.25964047527,-0.0022305802916610966,0.0023872263495999645,30.460142734225894,27.919011863682982,0.15625
2864,33.64,5,0.5,0.5,0.47970890743196304,-157759.2306564849,-0.0023514189197481675,0.002316254182550565,33.92476301425433,25.604267225490297,0.15625
2865,33.65,5,0.5,0.5,0.3881778686886572,-157627.50841196196,-0.0023785947831336425,0.0023035193594469062,31.894627392960267,27.51757506093779,0.15625
2866,33.66,7,0.7000000000000001,0.29999999999999993,0.29142161634355884,-157780.2749690205,-0.0023660434124388426,0.002101934065993879,29.571483123691877,26.45918966157444,0.15625
2867,33.67,8,0.8,0.19999999999999996,0.6619668502861095,-157896.91227816086,-0.002731110611802997,0.002165249426214441,32.745136526225124,27.884795546926053,0.15625
2868,33.68,7,0.7000000000000001,0.29999999999999993,0.21214156504855916,-157836.57263412632,-0.002582484231782923,0.002381702703796443,32.52365493192779,29.057533363360303,0.15625
2869,33.69,8,0.8,0.19999999999999996,0.678769674558616,-157970.82590321134,-0.002066326615407966,0.002690694407269311,27.71786076224797,31.808652590929732,0.15625
2870,33.7,8,0.8,0.19999999999999996,0.7826472566053778,-157916.1268848296,-0.0023108052070566877,0.002396778815688728,29.383050533642265,26.846598581768422,0.15625
2871,33.71,8,0.8,0.19999999999999996,0.5958849928580665,-157842.70739039383,-0.002455150594534646,0.001967933429436846,31.686929960671026,25.82228891732167,0.15625
2872,33.72,8,0.8,0.19999999999999996,0.3051335367823696,-157976.0226966908,-0.002842451541968452,0.002275056707150805,34.39033142893912,29.117617301714148,0.15625
2873,33.73,9,0.9,0.09999999999999998,0.974107876331501,-158093.22387212064,-0.0023636966162328115,0.0025012746921013766,30.304714373824947,31.086750263127115,0.15625
2874,33.74,9,0.9,0.09999999999999998,0.2836196406334654,-158092.07849408514,-0.0019469554084466652,0.0025056692659494685,26.841046002309124,31.71505333738684,0.15625
2875,33.75,8,0.8,0.19999999999999996,0.7111728682902386,-157921.04123306158,-0.0024264356508300546,0.0021355837252053536,32.338365905548585,26.15378747137115,0.15625
2876,33.76,7,0.7000000000000001,0.29999999999999993,0.54366574629523,-157778.6525893698,-0.002573783255635969,0.0018480172266058465,34.11864102994901,25.066413647832757,0.15625
2877,33.77,8,0.8,0.19999999999999996,0.6539023786198155,-157927.61691598708,-0.0024197031205711902,0.002630367508021224,28.574580070839396,31.77158756950332,0.15625
2878,33.78,8,0.8,0.19999999999999996,0.5998172440229488,-157984.41059516472,-0.0023685965856334963,0.002625287344606146,29.74487392412348,34.07648623139261,0.15625
2879,33.79,8,0.8,0.19999999999999996,0.6207930100589545,-158040.38974732644,-0.002342467134821033,0.002259226890209745,29.55617499292781,27.979181904339278,0.15625
2880,33.8,9,0.9,0.09999999999999998,0.6327728414260317,-157919.7840912515,-0.002396673745519123,0.0020381804098893873,34.527880301165744,27.12565768389269,0.15625
2881,33.81,9,0.9,0.09999999999999998,0.7097593290518367,-157981.6937653794,-0.0025599801965323506,0.0022774583579678598,31.48460807100325,27.019740734396812,0.15625
2882,33.82,9,0.9,0.09999999999999998,0.951166587486595,-158056.9071447577,-0.0024465111008996824,0.002638689057085719,31.14798302525402,32.047211035381714,0.15625
2883,33.83,9,0.9,0.09999999999999998,0.8165400125179504,-158083.25919506524,-0.002397166686520438,0.0023634289032769813,30.61398596048462,30.50418215441915,0.15625
2884,33.84,9,0.9,0.09999999999999998,0.8089578243217977,-157932.42174805398,-0.0025695768465411792,0.002118608977479286,31.6403985570002,27.917504625659184,0.15625
2885,33.85,9,0.9,0.09999999999999998,0.7729081592766259,-158149.2478445239,-0.0023875471505023747,0.0021981694723718064,31.036152607679448,29.002445876872255,0.15625
2886,33.86,9,0.9,0.09999999999999998,0.3160925791092315,-157949.91708532447,-0.00237627579061465,0.0024763313399802284,32.826458471743265,32.035740861921866,0.15625
2887,33.87,9,0.9,0.09999999999999998,0.8808293218468772,-157983.39715122065,-0.0023746274537579264,0.0026114396222638534,29.967965714293907,32.51713058976637,0.15625
2888,33.88,8,0.8,0.19999999999999996,0.49539984636204637,-157978.0389163933,-0.002301345862752317,0.002169462629098397,28.66261211338836,29.237014855800435,0.15625
2889,33.89,7,0.7000000000000001,0.29999999999999993,0.5057107281311519,-157818.89796319546,-0.0025204948847942265,0.0022165983151882264,30.960583178068855,28.60784720310549,0.15625
2890,33.9,7,0.7000000000000001,0.29999999999999993,0.6831654410682646,-157907.70140524098,-0.0024073742181167485,0.0023359077247912096,32.247538765133484,28.236754119568154,0.15625
2891,33.91,7,0.7000000000000001,0.29999999999999993,0.3970497680271129,-157807.10018793438,-0.0023711802049106905,0.002402536792964003,31.811664234613467,26.663681945784138,0.15625
2892,33.92,7,0.7000000000000001,0.29999999999999993,0.10933393264282903,-157865.67013206903,-0.0024943576821228053,0.0022734224052550593,30.362010762134037,25.52333186591333,0.15625
2893,33.93,7,0.7000000000000001,0.29999999999999993,0.3331501580950869,-157743.55550837837,-0.0027961192108711206,0.001980447955301062,36.126934864296075,24.529883564755607,0.15625
2894,33.94,6,0.6000000000000001,0.3999999999999999,0.7468354247629385,-157878.05698549998,-0.002562208826395682,0.002303084877682021,32.805256859974506,27.124562040549396,0.15625
2895,33.95,6,0.6000000000000001,0.3999999999999999,0.7389257275147003,-157780.9205553201,-0.0021968323190544076,0.0026491204870911327,28.53059334726299,30.58931527407923,0.15625
2896,33.96,7,0.7000000000000001,0.29999999999999993,0.39278303945964504,-157922.8266425123,-0.0022490642255394025,0.0021995116014109474,30.13664873184579,26.53602695137701,0.15625
2897,33.97,7,0.7000000000000001,0.29999999999999993,0.49750107722089987,-157759.34152413023,-0.0023555899522054195,0.00208349879624521,30.411118401216957,27.168971068581016,0.15625
2898,33.98,6,0.6000000000000001,0.3999999999999999,0.16862698346137875,-157942.00281325149,-0.0027418626867261736,0.0024999230907742274,33.14794441615104,30.011618469140195,0.15625
2899,33.99,7,0.7000000000000001,0.29999999999999993,0.463590035366156,-157784.6863146429,-0.002350371626129497,0.002644505852876829,29.890269318465766,32.750440291772,0.15625
2900,34.0,7,0.7000000000000001,0.29999999999999993,0.4807687779492317,-157893.11883077782,-0.0021263135998934005,0.0019538440222678253,28.122476225627643,24.740823478529276,0.15625
2901,34.01,6,0.6000000000000001,0.3999999999999999,0.2797365138676662,-157803.71598965966,-0.0024845430094846133,0.0019422482277461997,31.72398252519011,24.42646454491399,0.15625
2902,34.02,6,0.6000000000000001,0.3999999999999999,0.626935355149125,-157871.73176707653,-0.002551196212810583,0.0023942252137937967,31.267780211961576,27.13881535972538,0.15625
2903,34.03,6,0.6000000000000001,0.3999999999999999,0.57183673778459,-157776.13902009037,-0.002535156987569438,0.00246414768635456,35.02897712494172,28.898600604004447,0.15625
2904,34.04,5,0.5,0.5,0.1806108155782205,-157730.12903912802,-0.0028043246017221833,0.002470732510733345,35.798969095763965,26.970835822255495,0.15625
2905,34.05,5,0.5,0.5,0.4301493144118213,-157834.07906491793,-0.0022102481041842274,0.002076305359251982,29.25507155319995,25.16962485864664,0.15625
2906,34.06,5,0.5,0.5,0.5038807666430059,-157845.33916953852,-0.002114431154923318,0.002378760640845681,25.428590284180594,27.230922374565296,0.15625
2907,34.07,6,0.6000000000000001,0.3999999999999999,0.5390931042998935,-157856.47145749265,-0.0025600535800974085,0.002268629685509203,33.663202571378946,28.481676752588136,0.15625
2908,34.08,7,0.7000000000000001,0.29999999999999993,0.457777848789489,-157920.10755966904,-0.002536743313669341,0.002371592298631988,32.665297927183914,29.125855702650032,0.15625
2909,34.09,8,0.8,0.19999999999999996,0.5802042748333763,-157900.55696056565,-0.0023051458624459334,0.002493404162459272,30.942867289437373,31.0063705953203,0.15625
2910,34.1,8,0.8,0.19999999999999996,0.6901141637127335,-157999.40736275865,-0.0022231715812464645,0.002439038311145023,28.189197411218096,29.421627657109013,0.15625
2911,34.11,8,0.8,0.19999999999999996,0.7561383317209407,-157952.8199735162,-0.0024590369347781017,0.0020059063878763105,31.96206957772953,26.178472563961712,0.15625
2912,34.12,9,0.9,0.09999999999999998,0.1374995580791337,-158066.6783721154,-0.0026340518443955167,0.0019036407568982627,32.94834677877804,24.575427686495413,0.15625
2913,34.13,9,0.9,0.09999999999999998,0.35240510182346046,-158008.54562531397,-0.0024465831438278307,0.0024285150844783497,31.469098426312215,30.08020950292723,0.15625
2914,34.14,8,0.8,0.19999999999999996,0.6750366896801298,-158020.51508563443,-0.002346341906859759,0.0027436374040105556,30.730549370030985,32.081300875516,0.15625
2915,34.15,8,0.8,0.19999999999999996,0.591267260242859,-157907.60507462223,-0.0024163241853050526,0.0025322492589225183,30.969337748746355,30.91786479443149,0.15625
2916,34.16,8,0.8,0.19999999999999996,0.6683005388719242,-157986.65618353419,-0.0024479226656656545,0.001954706009211131,30.4866601462516,26.286227758937862,0.15625
2917,34.17,8,0.8,0.19999999999999996,0.6332667666045794,-158003.72546836635,-0.0026300508828389782,0.00199636664017373,32.30846282611787,24.95192457656638,0.15625
2918,34.18,8,0.8,0.19999999999999996,0.5567727114225967,-158027.15258359688,-0.0023655831966543964,0.0022774414517484267,31.664573960524535,27.958123803034205,0.15625
2919,34.19,8,0.8,0.19999999999999996,0.3529818605747712,-157922.39062929436,-0.0022610770020331564,0.002536440294156289,31.22253421709157,30.041095804273578,0.15625
2920,34.2,8,0.8,0.19999999999999996,0.3946899134865486,-157977.51089967185,-0.0024723963032694924,0.0024392198699638634,31.16395161094924,30.269165044530844,0.15625
2921,34.21,8,0.8,0.19999999999999996,0.5424861293350558,-158020.34984387076,-0.0024697503403272167,0.0020690778590629504,29.209186289006258,27.137363634946688,0.15625
2922,34.22,7,0.7000000000000001,0.29999999999999993,0.5862157950103322,-157919.37596769625,-0.002366559787767177,0.0020887075179473347,31.091077887511194,26.744786411392358,0.15625
2923,34.23,6,0.6000000000000001,0.3999999999999999,0.4734397580419149,-157813.76781425715,-0.0024861291819257337,0.002606105964077394,31.231672022318243,28.720777079720452,0.15625
2924,34.24,5,0.5,0.5,0.25332533657774825,-157845.7666460784,-0.002541506906453435,0.002474359173765758,34.12836641817974,27.309479404113205,0.15625
2925,34.25,6,0.6000000000000001,0.3999999999999999,0.5400060932499794,-157874.54288781027,-0.002272702418216744,0.002037065333503261,29.79676563994506,24.152244925602137,0.15625
2926,34.26,6,0.6000000000000001,0.3999999999999999,0.614140843747634,-157844.6666704246,-0.002609658035315783,0.0020715810282999018,33.87646954138045,25.664363072822976,0.15625
2927,34.27,6,0.6000000000000001,0.3999999999999999,0.5921780059494104,-157917.88227338888,-0.0025352541769282934,0.0022944997755557266,32.16566323720972,28.68518314569971,0.15625
2928,34.28,5,0.5,0.5,0.12011623030346674,-157801.5799778471,-0.00220753419682173,0.0023101996132997775,30.374825807819313,29.21368693014097,0.15625
2929,34.29,6,0.6000000000000001,0.3999999999999999,0.24099556328684704,-157880.956593784,-0.002540094316731467,0.0025970269553607073,31.49912247208655,28.027877965061293,0.15625
2930,34.3,4,0.4,0.6,0.789901218910123,-157781.43274981898,-0.002400548219414084,0.0022556593855120248,32.13929295837017,26.137102631022607,0.15625
2931,34.31,4,0.4,0.6,0.23396617043616194,-157838.89114564765,-0.0023680761486197005,0.0021708620308494523,30.07853899578086,23.93138729357349,0.15625
2932,34.32,5,0.5,0.5,0.5174221616646743,-157875.4703394953,-0.002339380436098174,0.002261505171198854,30.91753253153341,28.692310764986264,0.15625
2933,34.33,5,0.5,0.5,0.5073002091125371,-157862.58196194886,-0.002529400537612658,0.0023733687926007965,31.6057273114717,28.29495275561579,0.15625
2934,34.34,5,0.5,0.5,0.4542628923051363,-157817.69709640645,-0.002359640681041122,0.002319165314978355,30.374042879351148,29.237689288362823,0.15625
2935,34.35,4,0.4,0.6,0.6495871074910339,-157816.35380922197,-0.0026797435479426965,0.0023140984918563158,32.71773289939477,25.916226514532006,0.15625
2936,34.36,5,0.5,0.5,0.4338188770282912,-157826.87161315614,-0.0025589197462426404,0.0022756916268007925,33.77241379486876,26.567307678003644,0.15625
2937,34.37,6,0.6000000000000001,0.3999999999999999,0.5000072172188671,-157862.7916293119,-0.002376027987032953,0.0020554115661553427,32.64624501167068,23.326261740120014,0.15625
2938,34.38,6,0.6000000000000001,0.3999999999999999,0.2382453025758084,-157938.0166076316,-0.0024133430164491017,0.002383980955267092,33.28101823550489,28.783749128512323,0.15625
2939,34.39,4,0.4,0.6,0.2436158663369731,-157802.95886171033,-0.002311951892338037,0.002523775264718194,29.021060903746008,30.87620778377567,0.15625
2940,34.4,3,0.30000000000000004,0.7,0.10667328747614656,-157855.9838822246,-0.0024860214451407478,0.0022852014381967347,30.786209903338378,28.802012429231407,0.15625
2941,34.41,4,0.4,0.6,0.7410662760346676,-157833.75935257087,-0.002612777040531426,0.002195013739059294,32.5049776711892,25.848041507422366,0.15625
2942,34.42,4,0.4,0.6,0.720216942495969,-157878.52426615916,-0.0022877830610287327,0.002278585732869033,30.32205896262958,24.117815561982045,0.15625
2943,34.43,5,0.5,0.5,0.4674385934484169,-157870.82768882,-0.002199379601098199,0.0024657082243746634,30.26319482636342,28.066334407710166,0.15625
2944,34.44,6,0.6000000000000001,0.3999999999999999,0.4665364637868443,-157940.89825455938,-0.0026900091705764637,0.0023477313094599824,33.95871443357517,29.088163652775233,0.15625
2945,34.45,7,0.7000000000000001,0.29999999999999993,0.7951991730036622,-157922.17014541355,-0.0026558055493889608,0.002294015179131484,31.663712154664147,30.64259885782479,0.15625
2946,34.46,8,0.8,0.19999999999999996,0.015997669006724894,-158006.5382630036,-0.002468889000070499,0.0021092938206404214,33.122760976353135,25.979386097251723,0.15625
2947,34.47,7,0.7000000000000001,0.29999999999999993,0.7719153817797707,-158002.31451479605,-0.0020359369253091343,0.002422263621076847,28.181350569466332,26.887764869027293,0.15625
2948,34.48,8,0.8,0.19999999999999996,0.30890328375859955,-157999.6998204595,-0.002317958169021768,0.0024051118683283594,30.8844025988481,26.73465610976004,0.15625
2949,34.49,8,0.8,0.19999999999999996,0.4058958431601849,-157988.70611452608,-0.0025186817818353374,0.002242636474158394,30.33429497191634,28.704911661787467,0.15625
2950,34.5,8,0.8,0.19999999999999996,0.4324007198721423,-157983.70971453286,-0.0025234133415373856,0.0022560491772608757,30.566868957795343,32.62464268674806,0.15625
2951,34.51,9,0.9,0.09999999999999998,0.7383304993060715,-158049.74216741658,-0.0025814425600349483,0.002502262404428678,32.34600003487291,34.447535981425446,0.15625
2952,34.52,7,0.7000000000000001,0.29999999999999993,0.19997889923555842,-157935.77716850417,-0.0023910438881617276,0.0024801306350143854,31.95849477061822,31.614529868001807,0.15625
2953,34.53,8,0.8,0.19999999999999996,0.47925561260944366,-157983.6469392662,-0.0022933836173443627,0.002255895965339601,30.712768122601688,25.956584087299582,0.15625
2954,34.54,7,0.7000000000000001,0.29999999999999993,0.6477801382700414,-157900.93707039117,-0.0024787738344727054,0.001967898374531475,32.66011142243165,23.502416808899284,0.15625
2955,34.55,6,0.6000000000000001,0.3999999999999999,0.38584022612449714,-157886.13978894672,-0.002422399513230932,0.0021298128966001926,30.428924845559894,25.924193569973575,0.15625
2956,34.56,7,0.7000000000000001,0.29999999999999993,0.7287328690690034,-157988.85202753145,-0.002377218116352008,0.002498152505126881,31.48347954963221,31.639183518869174,0.15625
2957,34.57,7,0.7000000000000001,0.29999999999999993,0.7347201854230991,-157960.15893265544,-0.002427902506556416,0.002604200209406619,30.367251252472737,33.33995467079574,0.15625
2958,34.58,7,0.7000000000000001,0.29999999999999993,0.5796671909063689,-157955.2230716153,-0.002575723253983802,0.0022343529715461675,31.869132648267797,26.160965503923517,0.15625
2959,34.59,7,0.7000000000000001,0.29999999999999993,0.6956567143890433,-157883.14122178202,-0.0023277453281735482,0.0024044043739397205,29.623344689029363,26.457632121208206,0.15625
2960,34.6,4,0.4,0.6,0.31602968462409664,-157916.17326146376,-0.002510846682317236,0.002208310794215862,32.315202234748554,23.602123770250678,0.15625
2961,34.61,4,0.4,0.6,0.45543347931571754,-157869.5843476592,-0.0023243747875102212,0.00209658989813572,32.120718807990094,25.77690137300446,0.15625
2962,34.62,4,0.4,0.6,0.4234041245980073,-157922.87378693486,-0.0025929860127877663,0.002199047839829925,35.18315608957428,28.08158407072737,0.15625
2963,34.63,4,0.4,0.6,0.5051321377206379,-157935.10088904534,-0.0025559607257111647,0.002555216834697096,31.894642248341427,32.1001285951894,0.15625
2964,34.64,5,0.5,0.5,0.10615894343569589,-157921.37777002293,-0.002364245467176301,0.0022103963747141723,31.062268392523062,27.21937370528342,0.15625
2965,34.65,6,0.6000000000000001,0.3999999999999999,0.5357836342159069,-157958.59228562893,-0.0023621060499967816,0.0021769904085891115,30.641703050541373,26.01918422055598,0.15625
2966,34.66,6,0.6000000000000001,0.3999999999999999,0.6135645754021222,-157948.56528169863,-0.002428567695569471,0.0023565331195463204,30.754385725446337,26.959962146394176,0.15625
2967,34.67,7,0.7000000000000001,0.29999999999999993,0.4809043085721582,-157942.9898318738,-0.00242834580637031,0.002254270182389162,32.5869854602073,27.192858587804825,0.15625
2968,34.68,6,0.6000000000000001,0.3999999999999999,0.2480476321303774,-158051.59140841244,-0.002628259730775909,0.0024771342212344906,33.02610421933084,28.06043137767358,0.15625
2969,34.69,4,0.4,0.6,0.10850809002301848,-157913.33290604473,-0.002279644274093542,0.0024752025066834002,31.200259004658502,29.076077388878375,0.15625
2970,34.7,5,0.5,0.5,0.6105040246721762,-157961.0861451957,-0.0023788216254123844,0.0024193098751164044,30.635244492420714,28.378245488087337,0.15625
2971,34.71,4,0.4,0.6,0.24864616533294503,-157975.18256358622,-0.0026543772106960017,0.002094790594798731,31.39638582263791,24.772524740108338,0.15625
2972,34.72,5,0.5,0.5,0.44578104455816425,-157970.52044849927,-0.002357149640355013,0.0019932503336982433,31.269284819341884,26.388905611629397,0.15625
2973,34.73,6,0.6000000000000001,0.3999999999999999,0.5837371563147324,-158036.65874275853,-0.002291529225597865,0.002510557840714767,29.00322579447968,28.13179040178473,0.15625
2974,34.74,6,0.6000000000000001,0.3999999999999999,0.4932698069314176,-157988.54833442438,-0.0022851068150070005,0.0025134019412669253,31.037716607021615,28.962212475310526,0.15625
2975,34.75,6,0.6000000000000001,0.3999999999999999,0.5258183786163969,-158061.17059509066,-0.002535255780479697,0.002096985751054495,33.54326030793742,24.171260516323414,0.15625
2976,34.76,6,0.6000000000000001,0.3999999999999999,0.5189286636642481,-157927.88908964067,-0.002608653498915819,0.0021617203597828812,33.105332656191344,24.904904003168475,0.15625
2977,34.77,6,0.6000000000000001,0.3999999999999999,0.4440189198559665,-158140.07458786908,-0.0023152207365094305,0.0024818260759629173,29.30218425001709,28.03587441686107,0.15625
2978,34.78,7,0.7000000000000001,0.29999999999999993,0.462135154857099,-158054.49940830952,-0.0024591430361762564,0.0025059036746692695,31.918932053671334,29.785154221264207,0.15625
2979,34.79,7,0.7000000000000001,0.29999999999999993,0.6172446668602887,-158053.15310182993,-0.0024763895655602196,0.0022067439904402963,31.111997103260908,27.264698968135534,0.15625
2980,34.8,8,0.8,0.19999999999999996,0.14084927701725194,-158092.32315885634,-0.002339600694750683,0.0021841273456496275,31.753918367642108,29.442835793727955,0.15625
2981,34.81,8,0.8,0.19999999999999996,0.42422366872414863,-158199.00540931354,-0.0025712739496084073,0.0023638336511936668,31.35475600841703,28.40848080903068,0.15625
2982,34.82,8,0.8,0.19999999999999996,0.5051347147617743,-158022.70888283296,-0.0022405923586934383,0.002134629058713913,31.072355263332657,27.074767887162828,0.15625
2983,34.83,7,0.7000000000000001,0.29999999999999993,0.6576468933223734,-158010.9730580074,-0.0023635107805573866,0.0025402132058967306,30.05040635435331,29.725636882960814,0.15625
2984,34.84,6,0.6000000000000001,0.3999999999999999,0.47134526590167736,-158021.68075498138,-0.0025291760025136826,0.0024961018844913965,30.423636072607966,28.03084923876263,0.15625
2985,34.85,5,0.5,0.5,0.18070038700303123,-158019.7213616201,-0.002389369057086059,0.0019866798516815568,32.66179391087271,24.838158356160644,0.15625
2986,34.86,4,0.4,0.6,0.16744788540213934,-157950.09177177236,-0.002597304980564961,0.0021577945953273623,35.004363593800576,25.532549946449592,0.15625
2987,34.87,4,0.4,0.6,0.4703838709263275,-157910.55590446808,-0.0023782846865108287,0.002349610943100831,32.08488094897012,27.04112548995532,0.15625
2988,34.88,3,0.30000000000000004,0.7,0.49897856981647387,-157906.83143349166,-0.002255294476635285,0.0022854790126707976,30.558487631439082,27.382471086974256,0.15625
2989,34.89,3,0.30000000000000004,0.7,0.7074683672425343,-158038.76838350948,-0.0026628831435080345,0.002419898089206211,30.79809636987344,27.611381732876833,0.15625
2990,34.9,3,0.30000000000000004,0.7,0.8259212772155516,-157904.72199161054,-0.0025349245662172194,0.00208359884216655,30.8659293388563,25.25717702518646,0.15625
2991,34.91,3,0.30000000000000004,0.7,0.8644917414857415,-157985.24288376153,-0.0021413583682874525,0.0022166958922875853,29.480702796373006,27.469841595461187,0.15625
2992,34.92,3,0.30000000000000004,0.7,0.5551781557695886,-157923.7393345904,-0.0024697436200910245,0.0025741023376336094,32.60460827030673,28.428129925020606,0.15625
2993,34.93,4,0.4,0.6,0.5984056537014198,-157928.7366329754,-0.0024972266530283857,0.002255992886644717,35.559457467348174,28.015407571608122,0.15625
2994,34.94,5,0.5,0.5,0.643972416549848,-157999.73767238553,-0.0026302556330449357,0.0020858539680467005,32.61290612337517,23.7763079645953,0.15625
2995,34.95,5,0.5,0.5,0.6243655002801644,-157941.81428753227,-0.0024136205593226234,0.0024916575819577767,29.29337547348805,28.100616229340407,0.15625
2996,34.96,5,0.5,0.5,0.3877364296480635,-157962.78974982834,-0.0021707613130367803,0.0023172315694837886,28.24401838419332,27.13433943692171,0.15625
2997,34.97,4,0.4,0.6,0.3454004902297069,-157896.82510199217,-0.0025935634235162686,0.002124713544485001,33.359808504389676,26.38196353724091,0.15625
2998,34.98,5,0.5,0.5,0.495852257821014,-158061.36185179738,-0.002701486949440696,0.0021598939454503105,35.04110573714411,26.28518308570048,0.15625
2999,34.99,4,0.4,0.6,0.5721785219322877,-157895.17481057264,-0.0024035579561767755,0.002495007734864935,32.058486292656,28.944746696967446,0.15625
3000,35.0,4,0.4,0.6,0.5710246180711158,-157907.5630877323,-0.002336675100475136,0.002276391266451464,29.742859214607993,25.18789240733002,0.15625
3001,35.01,3,0.30000000000000004,0.7,0.8793739425512704,-157887.48105211905,-0.0021428894423583538,0.0020876342586583904,27.624515449199237,25.89869533720324,0.15625
3002,35.02,3,0.30000000000000004,0.7,0.8358706530840166,-157979.6064196934,-0.0025917312812905125,0.0023489894041472652,31.077340008903235,27.808712935462314,0.15625
3003,35.03,4,0.4,0.6,0.45972508982727533,-157967.28800893374,-0.002510436560028108,0.002541610607670793,31.960463758416378,30.348565459894417,0.15625
3004,35.04,6,0.6000000000000001,0.3999999999999999,0.18828157973776352,-158048.94736757514,-0.0023374333333046602,0.0024077099870393483,33.95873889878186,28.7442853522559,0.15625
3005,35.05,5,0.5,0.5,0.5933294109369822,-157886.14678197194,-0.0026769223083220675,0.0021262573103270855,34.25365616151031,22.853621671753302,0.15625
3006,35.06,7,0.7000000000000001,0.29999999999999993,0.3437425714917031,-158045.1751401549,-0.002365653800529456,0.002033906328010913,31.021366379576822,24.173654955912877,0.15625
3007,35.07,7,0.7000000000000001,0.29999999999999993,0.2711074291516462,-158019.16166454135,-0.0022830315671226093,0.0022651391898732267,28.020150477373804,27.112804271556435,0.15625
3008,35.08,6,0.6000000000000001,0.3999999999999999,0.26648544859279993,-157920.9378772237,-0.0025264348099495533,0.0023909347969618333,32.41919369017994,31.839711462393296,0.15625
3009,35.09,7,0.7000000000000001,0.29999999999999993,0.6762588480002678,-158079.39683790784,-0.0026406687442604966,0.0025384017366053657,33.77887782082237,32.2493288574089,0.15625
3010,35.1,6,0.6000000000000001,0.3999999999999999,0.3269494700040926,-158074.05389607916,-0.002474963213997582,0.002163675169130097,31.28531792777788,26.512589857252504,0.15625
3011,35.11,5,0.5,0.5,0.6194790170078336,-157935.67446133588,-0.0022431581390362342,0.0020567040172241465,28.490442582544336,21.636670309295628,0.15625
3012,35.12,6,0.6000000000000001,0.3999999999999999,0.18974737490070342,-158082.35874019013,-0.0021344922543944703,0.0024096625917542167,28.877056076059965,27.106559026705554,0.15625
3013,35.13,7,0.7000000000000001,0.29999999999999993,0.621880362006242,-158030.73758737702,-0.002699244670484191,0.002475469830431955,33.823165203410966,28.023221358937874,0.15625
3014,35.14,6,0.6000000000000001,0.3999999999999999,0.18953707835015307,-157964.05738005004,-0.00256092328913964,0.0023008754277834636,33.79664662525367,29.997766969384354,0.15625
3015,35.15,6,0.6000000000000001,0.3999999999999999,0.4020462733343581,-157924.38632395386,-0.002468375920340413,0.00220540817090354,31.91049172258568,27.988976323197452,0.15625
3016,35.16,5,0.5,0.5,0.23485989735468724,-158030.02623389257,-0.0023730753855587833,0.0023119235777868813,29.47150386273757,25.879478486155698,0.15625
3017,35.17,5,0.5,0.5,0.5887492284227736,-157991.12757665833,-0.0021206901647891864,0.002086541571063409,30.068853661292057,24.583168207067196,0.15625
3018,35.18,4,0.4,0.6,0.3689627146746751,-157983.4768307763,-0.002609689584654154,0.0024334710673846968,33.437120294882725,27.240652681604526,0.15625
3019,35.19,5,0.5,0.5,0.5404459371043941,-157937.74861635946,-0.0028026709043603307,0.0024611064666212753,34.781383861070985,29.38860303095459,0.15625
3020,35.2,5,0.5,0.5,0.4806844700060988,-158017.70955333568,-0.0022879476793095325,0.00215281405710905,29.7091957305122,26.96431288929398,0.15625
3021,35.21,5,0.5,0.5,0.3929965021914666,-157926.36555411783,-0.0020669754818036508,0.002340123537822129,26.036537695809685,27.505215536731207,0.15625
3022,35.22,5,0.5,0.5,0.3998239664981931,-158052.83123860345,-0.0023635286420637396,0.0024977102087885856,30.17319361305284,27.258473605355288,0.15625
3023,35.23,4,0.4,0.6,0.30339934521246603,-157975.33628652824,-0.0024848498754634495,0.002457612726275651,32.772113685595876,29.12678333462366,0.15625
3024,35.24,4,0.4,0.6,0.5018152322973736,-157925.22765708793,-0.002925361797169678,0.0019800982228070324,39.28895862258063,24.07074915470643,0.15625
3025,35.25,4,0.4,0.6,0.5587386566183626,-157899.0180328811,-0.002589070931583403,0.0020337843764319063,35.136040744522,24.37376858573862,0.15625
3026,35.26,4,0.4,0.6,0.578656399483083,-157964.94364186673,-0.001987584172884178,0.0022951553800143404,25.65379800909867,25.08219024791328,0.15625
3027,35.27,3,0.30000000000000004,0.7,0.5741425779767645,-157902.9245244363,-0.0020924135183512625,0.002294356803070945,25.38522446012937,27.068911031132185,0.15625
3028,35.28,3,0.30000000000000004,0.7,0.8775438662410323,-158038.35430336482,-0.002760193953794358,0.0023223341110115417,32.85521238822709,28.283687604949282,0.15625
3029,35.29,2,0.2,0.8,0.04532854508522528,-157877.97218713997,-0.002544781712456961,0.00254392281490685,33.659246604774026,31.23063253199681,0.15625
3030,35.3,3,0.30000000000000004,0.7,0.760197190806544,-157867.25610961317,-0.002325404987533145,0.002443057921978291,33.43567180064835,28.141688250225595,0.15625
3031,35.31,3,0.30000000000000004,0.7,0.8104755294365946,-158040.82080057578,-0.0023167915720949074,0.0021068930137983373,32.57527114309416,23.587686493562455,0.15625
3032,35.32,3,0.30000000000000004,0.7,0.5190044903420701,-157917.66989958656,-0.002244980075860357,0.002184007017482413,27.499540477538744,26.500976390711738,0.15625
3033,35.33,4,0.4,0.6,0.5284096180613969,-158075.95314552035,-0.0027327323339939517,0.002066142441512793,32.21199661352183,26.55177824294216,0.15625
3034,35.34,3,0.30000000000000004,0.7,0.7915663735057881,-157943.17470342547,-0.0026655082984002364,0.002452761854668719,31.684121819373896,29.86023790307252,0.15625
3035,35.35,3,0.30000000000000004,0.7,0.49964593627515685,-157988.86958193043,-0.0021990456607035597,0.0023672530240634385,31.67387927944046,27.037580702109604,0.15625
3036,35.36,4,0.4,0.6,0.5164107321143907,-158010.36623357955,-0.0024825510730482484,0.002311193272002836,33.39455372552229,24.38840073925584,0.15625
3037,35.37,4,0.4,0.6,0.4096366103962153,-158073.00593581173,-0.00255685480166321,0.0022082302336063125,33.21665240945471,25.033754192494943,0.15625
3038,35.38,3,0.30000000000000004,0.7,0.6082702115366156,-158042.60896570364,-0.0024219935815998316,0.0022028297328993435,28.676922895124523,26.69782104594061,0.15625
3039,35.39,3,0.30000000000000004,0.7,0.28224778794364996,-157984.02819688187,-0.0024973897439306016,0.00235455981510069,31.128796104331624,29.668993130760256,0.15625
3040,35.4,4,0.4,0.6,0.4179178380197118,-157881.19069118748,-0.0021837620507875613,0.0023530077639446834,29.135346609912105,29.034357477998174,0.15625
3041,35.41,4,0.4,0.6,0.44018333154541384,-157948.01091067656,-0.0021181768007844867,0.002293957288506401,29.854250527637042,27.79652336594332,0.15625
3042,35.42,5,0.5,0.5,0.5848450584188047,-158074.2493510845,-0.0026775513861801267,0.002378939390967937,33.024106798363455,25.52292006168969,0.15625
3043,35.43,7,0.7000000000000001,0.29999999999999993,0.21619562838126563,-158014.7764260222,-0.0026934232925276956,0.002179749023180576,33.2374510178836,24.834736029810674,0.15625
3044,35.44,6,0.6000000000000001,0.3999999999999999,0.46098662581295174,-158035.96666245075,-0.0025033783002363177,0.0021288688419761528,31.286312353351295,24.351278471749797,0.15625
3045,35.45,7,0.7000000000000001,0.29999999999999993,0.6328811995907423,-158113.82012720528,-0.0025648980634963765,0.0023138820047723576,31.6826185587308,28.047313240123525,0.15625
3046,35.46,5,0.5,0.5,0.18667121811547285,-157929.93097846463,-0.002424691553493752,0.0024596018703373253,30.3735737647224,30.392431850798346,0.15625
3047,35.47,6,0.6000000000000001,0.3999999999999999,0.4304034914737448,-158041.76617544304,-0.002265557685451204,0.0021406069751849248,30.72935563306337,27.804645699487516,0.15625
3048,35.48,7,0.7000000000000001,0.29999999999999993,0.3254014804864713,-158093.25389256552,-0.0025239825506582,0.002312420242746885,33.48555863608974,26.87500561048203,0.15625
3049,35.49,6,0.6000000000000001,0.3999999999999999,0.5196079763279128,-158018.1131028537,-0.0022982920124339414,0.0022268067210209075,29.688712533036508,25.678950363809637,0.15625
3050,35.5,5,0.5,0.5,0.4960564604873405,-158035.1933217394,-0.002201021631896075,0.0022808069686520915,28.148517057227057,26.64174308662726,0.15625
3051,35.51,5,0.5,0.5,0.4953016604115886,-157993.38715160303,-0.0026015723789815626,0.002506218098098879,31.291066193583028,29.286499825880274,0.15625
3052,35.52,5,0.5,0.5,0.4065957481905615,-158093.45818788008,-0.002354356900241786,0.002367706034840685,30.60230533970613,29.248948826457948,0.15625
3053,35.53,5,0.5,0.5,0.14354215558643435,-158078.43403069943,-0.0025566142190235524,0.0023382190532065072,32.056417454372095,26.63227347113038,0.15625
3054,35.54,8,0.8,0.19999999999999996,0.00516836899700854,-158152.0622135422,-0.002747150762662292,0.0021992814166395683,35.00564132069617,25.63282642609161,0.15625
3055,35.55,8,0.8,0.19999999999999996,0.6336503160331634,-158151.96546243544,-0.002507383365719043,0.002075187126981336,32.45700269667944,22.758445703952063,0.15625
3056,35.56,6,0.6000000000000001,0.3999999999999999,0.23511248910242424,-157999.79088139432,-0.0022815992299980888,0.0021315293583185017,31.16418042465045,26.156879471818293,0.15625
3057,35.57,7,0.7000000000000001,0.29999999999999993,0.2593570233149155,-158229.69831675012,-0.002519321722459629,0.0024333547374414625,31.449891574336082,29.00801687813526,0.15625
3058,35.58,6,0.6000000000000001,0.3999999999999999,0.4190293061778138,-158014.87364191312,-0.0023686804095423043,0.0023978400565673463,30.429925146527935,31.540465254168204,0.15625
3059,35.59,7,0.7000000000000001,0.29999999999999993,0.6345175381794849,-158145.46082971507,-0.0023377676188243005,0.0022705852404318787,30.366598514436205,28.7622199540494,0.15625
3060,35.6,8,0.8,0.19999999999999996,0.24230949565293433,-158162.32662787422,-0.0023885427567668246,0.002343976385577317,30.640380060187045,28.88345928287324,0.15625
3061,35.61,8,0.8,0.19999999999999996,0.3417295124667384,-158130.42636252652,-0.002412465372679282,0.002254793811180701,30.5635647782426,25.650525361290956,0.15625
3062,35.62,6,0.6000000000000001,0.3999999999999999,0.03866787670071867,-158109.886872937,-0.002470272524417773,0.0023236325392863733,32.06231982520783,26.77802809759183,0.15625
3063,35.63,6,0.6000000000000001,0.3999999999999999,0.30832414433799094,-158104.63444185842,-0.002612130690114245,0.002566060320046226,31.198404600737003,29.44017344172993,0.15625
3064,35.64,5,0.5,0.5,0.47078992093226907,-158068.65964793824,-0.002565131037571395,0.002074637359337615,32.89848481531563,24.950312479269552,0.15625
3065,35.65,4,0.4,0.6,0.5441514857128761,-158074.11167407464,-0.002423116573200785,0.0018922604244589769,31.849076627989735,23.234406731826322,0.15625
3066,35.66,3,0.30000000000000004,0.7,0.5596618115704481,-158069.91737383962,-0.002500713793278156,0.002446990385237632,31.32313104944267,27.07032223595155,0.15625
3067,35.67,4,0.4,0.6,0.5210378038909966,-158045.03818756915,-0.0023524099792788015,0.0026577345686569507,30.787574851696984,30.945519685932588,0.15625
3068,35.68,6,0.6000000000000001,0.3999999999999999,0.11498853583425828,-157978.9443140642,-0.0024000503321994645,0.002151289781392274,31.9593453644778,26.902881611989628,0.15625
3069,35.69,5,0.5,0.5,0.45198009790756144,-158153.59849340003,-0.0025849018632744507,0.0022375443990375523,32.93270499870426,27.213140393659536,0.15625
3070,35.7,7,0.7000000000000001,0.29999999999999993,0.42067558256944176,-158155.4692770103,-0.0024110303823215618,0.002197355257858424,33.35800386301489,26.473744355083337,0.15625
3071,35.71,7,0.7000000000000001,0.29999999999999993,0.6088890145287644,-158027.57543716198,-0.0021738158662725055,0.00220550683840785,28.94997024522179,25.506930962715824,0.15625
3072,35.72,7,0.7000000000000001,0.29999999999999993,0.5690979619754707,-158175.39983327544,-0.0024337225853731373,0.0023106230694576605,29.959820737776692,26.44488348962253,0.15625
3073,35.73,5,0.5,0.5,0.1553307552029169,-157995.10633091623,-0.0026541215590729947,0.002535899849330051,31.446826551877653,30.465552640339926,0.15625
3074,35.74,5,0.5,0.5,0.3462825418109069,-158075.1807669602,-0.002531591578953129,0.0024104311798691515,31.016327024742555,28.65294441101749,0.15625
3075,35.75,3,0.30000000000000004,0.7,0.34760551538396445,-158075.9544078092,-0.0024045730458140983,0.002147114351654892,34.10209307654535,25.68860662964004,0.15625
3076,35.76,3,0.30000000000000004,0.7,0.857534592244095,-158106.43055689742,-0.0023974679354020496,0.002311659786718146,32.64379223933851,25.11810653546729,0.15625
3077,35.77,3,0.30000000000000004,0.7,0.36158123662980424,-157988.82862745092,-0.0022767816169955934,0.0024796878476704273,30.077303499058218,28.5518767113426,0.15625
3078,35.78,3,0.30000000000000004,0.7,0.4189445182415149,-158107.03242004855,-0.002462591951794824,0.0022944606532799053,31.497522686508272,29.067891973105837,0.15625
3079,35.79,4,0.4,0.6,0.5955831645809099,-158078.02969449037,-0.002666834606550931,0.002095215523794128,32.81751925173844,25.559973395966207,0.15625
3080,35.8,3,0.30000000000000004,0.7,0.4165615043880454,-158008.19825637102,-0.002281065857951551,0.0022312820813164508,29.658110073316838,26.27687291836195,0.15625
3081,35.81,3,0.30000000000000004,0.7,0.17066581691028235,-158099.9685540616,-0.0022560648886986692,0.0022875673594149014,31.553065326900835,27.297383806274496,0.15625
3082,35.82,4,0.4,0.6,0.5267891144768168,-157987.37242306903,-0.0027217027976492855,0.0023341093309691835,34.850955129920905,27.103939589396127,0.15625
3083,35.83,4,0.4,0.6,0.5221955710142323,-158037.6249384384,-0.002384232233601843,0.0024646325597782156,30.082325602250343,29.305565384197855,0.15625
3084,35.84,5,0.5,0.5,0.3702811946073828,-158017.76139497242,-0.002570431623873396,0.002409395490174269,30.260375467444067,26.45276156601065,0.15625
3085,35.85,6,0.6000000000000001,0.3999999999999999,0.21398742358230646,-158169.88103257146,-0.0023297594135786807,0.0021326683063767797,27.355874325771808,25.004869973712108,0.15625
3086,35.86,8,0.8,0.19999999999999996,0.3033587089904129,-158128.42091842124,-0.002196874698034356,0.0021272774968823316,30.895138167228545,26.252640735388145,0.15625
3087,35.87,9,0.9,0.09999999999999998,0.6930942471979887,-158312.84238842552,-0.0026092992786219448,0.002485226540532873,34.83833677392777,30.05543282230096,0.15625
3088,35.88,8,0.8,0.19999999999999996,0.15637266897189875,-158152.4432152258,-0.002495398468201241,0.0023826955816473824,32.135042029821456,30.43484908578845,0.15625
3089,35.89,9,0.9,0.09999999999999998,0.6606072648079083,-158177.3732946521,-0.0023077164747650003,0.0022026904690025002,28.75300473605443,30.519577011556155,0.15625
3090,35.9,9,0.9,0.09999999999999998,0.971723789368022,-158252.98485997284,-0.0025167601832121783,0.0020553558255758395,29.833246318312767,26.936711794206264,0.15625
3091,35.91,8,0.8,0.19999999999999996,0.4963697558028756,-158144.51580486348,-0.0020858067239569443,0.0022475901507537756,27.729251756465167,29.58950548852714,0.15625
3092,35.92,8,0.8,0.19999999999999996,0.518558715138719,-158099.33733528713,-0.002395096997596382,0.002798013886619233,30.839280328387556,34.77150244537222,0.15625
3093,35.93,7,0.7000000000000001,0.29999999999999993,0.11514899543173163,-158162.0923933202,-0.002894878876726432,0.0024772070136002593,35.36982378119524,29.929603925807037,0.15625
3094,35.94,8,0.8,0.19999999999999996,0.32788722492937256,-158173.64327244877,-0.0022509055009722646,0.0019902940720703498,30.79794379108951,28.130084938266613,0.15625
3095,35.95,8,0.8,0.19999999999999996,0.23662392710046948,-158161.8806632214,-0.002566848628401745,0.0023430567338327216,31.374121858578782,27.386631063961012,0.15625
3096,35.96,9,0.9,0.09999999999999998,0.3939555165507003,-158233.1255707911,-0.002355471863032523,0.0025711918989481932,28.29347484757975,30.379135156889944,0.15625
3097,35.97,9,0.9,0.09999999999999998,0.9474645750677567,-158194.5530105379,-0.002271012811818672,0.0021534330736476264,30.974923386650143,26.990294913366625,0.15625
3098,35.98,9,0.9,0.09999999999999998,0.6350468835773067,-158258.4291768315,-0.0026909731786922985,0.002250724856963827,32.636565404645594,29.72095089449152,0.15625
3099,35.99,9,0.9,0.09999999999999998,0.7485480150659156,-158264.61872915726,-0.002547244579116942,0.002253231692453621,32.1055874088744,28.946030761144414,0.15625
3100,36.0,8,0.8,0.19999999999999996,0.49999658084178783,-158211.83541273224,-0.0022923541431041903,0.0023229131506086517,31.660171534205258,29.33111764150556,0.15625
3101,36.01,7,0.7000000000000001,0.29999999999999993,0.40969663519877675,-158057.72298126196,-0.002388421304529131,0.0024974256882385713,31.2561158664426,28.552453897117324,0.15625
3102,36.02,6,0.6000000000000001,0.3999999999999999,0.4811139097468336,-158024.34284307726,-0.002291122236578889,0.0022756091895621304,30.49709753557515,26.65763224392066,0.15625
3103,36.03,6,0.6000000000000001,0.3999999999999999,0.5318669767291485,-158083.96766265947,-0.002464136869677308,0.0023990629720223268,28.765177271801537,28.74006191742101,0.15625
3104,36.04,4,0.4,0.6,0.5805202845226688,-157943.75933368312,-0.002588628986772127,0.002269885517711806,32.0409335152765,27.653398692164807,0.15625
3105,36.05,4,0.4,0.6,0.4797209826240168,-158080.15176263696,-0.0023518347892944437,0.0020806855648171393,31.042126098937075,26.807736595494326,0.15625
3106,36.06,4,0.4,0.6,0.5582149619061508,-157942.04272342546,-0.002695657401809284,0.0021462229870278086,36.472344016458045,23.01915988369572,0.15625
3107,36.07,4,0.4,0.6,0.5422266151684977,-158000.5506651957,-0.0023082710580979706,0.002461671124930646,31.48989663265127,26.90555251605124,0.15625
3108,36.08,4,0.4,0.6,0.407542919102678,-157983.59840099872,-0.00239841847051262,0.002395403703198292,30.15060980270879,26.104679724587633,0.15625
3109,36.09,5,0.5,0.5,0.47250046652560335,-157929.23855464676,-0.002557280732923656,0.002248070219128511,30.684627390611524,28.5787290289585,0.15625
3110,36.1,5,0.5,0.5,0.45645045166592135,-158004.98813537133,-0.0025424274700200904,0.002221658552193616,31.174183293852977,28.417541506910116,0.15625
3111,36.11,6,0.6000000000000001,0.3999999999999999,0.5208255103584879,-158005.51751581626,-0.0024034458565007034,0.002218085473897664,33.84757153096527,26.396456050074057,0.15625
3112,36.12,7,0.7000000000000001,0.29999999999999993,0.31387044363934113,-158106.22239969776,-0.0021603479314155753,0.002569961065340097,29.67743819643053,28.364137378957555,0.15625
3113,36.13,8,0.8,0.19999999999999996,0.399054756564697,-158136.1614688906,-0.002322109321078479,0.002179257290768786,31.618531913232346,25.822404877579213,0.15625
3114,36.14,7,0.7000000000000001,0.29999999999999993,0.5933339566376208,-158018.82917305312,-0.0025646498974585628,0.0020505687204270106,29.766121789609944,26.7650906134207,0.15625
3115,36.15,7,0.7000000000000001,0.29999999999999993,0.30480811923160356,-158088.0748433913,-0.002712923657343992,0.0024694730189834266,31.76946110658757,30.137969570377503,0.15625
3116,36.16,7,0.7000000000000001,0.29999999999999993,0.5546358649728115,-158101.6225834489,-0.00249353840681612,0.002489037178378149,31.702475852544257,29.55038813956625,0.15625
3117,36.17,6,0.6000000000000001,0.3999999999999999,0.6128795696530782,-157914.4276193364,-0.0023912708130482928,0.0021503797468190467,32.67770718213902,23.16846951062623,0.15625
3118,36.18,5,0.5,0.5,0.5393926295138993,-157956.00424902077,-0.0023119493905212635,0.002055877773320086,31.838369379067775,24.26205276677639,0.15625
3119,36.19,7,0.7000000000000001,0.29999999999999993,0.23118577269793947,-158063.28845272143,-0.0026910818705991268,0.0023369995755266903,31.61639970568143,26.93167356676936,0.15625
3120,36.2,7,0.7000000000000001,0.29999999999999993,0.3908443023067555,-158104.76667513058,-0.002434016200115998,0.0024007296980579212,30.575763921125247,30.266723017906525,0.15625
3121,36.21,7,0.7000000000000001,0.29999999999999993,0.4833847894425764,-158050.55721138994,-0.0023670045435231347,0.0023414536346426824,31.77621109428018,29.514748737610034,0.15625
3122,36.22,7,0.7000000000000001,0.29999999999999993,0.41000443844393564,-158121.25178387435,-0.002318229632275733,0.0024803069331582927,29.018417730501238,28.65305296086331,0.15625
3123,36.23,8,0.8,0.19999999999999996,0.10117273967324548,-158071.24549518427,-0.0020643352629133157,0.0020369175638533746,26.478461944181056,24.646541862636784,0.15625
3124,36.24,7,0.7000000000000001,0.29999999999999993,0.4277471350548853,-158044.91427992043,-0.0026107941926023833,0.0020496459093028076,33.20188948870296,25.291253792117864,0.15625
3125,36.25,7,0.7000000000000001,0.29999999999999993,0.3631014937623703,-158150.2058832635,-0.002840501691415825,0.002400229467022317,35.01808156099274,29.46019050592955,0.15625
3126,36.26,5,0.5,0.5,0.03524631563790052,-157940.1501507301,-0.0022605889102082664,0.0024913423768166826,30.923086068089155,29.884853013136595,0.15625
3127,36.27,6,0.6000000000000001,0.3999999999999999,0.5616108825553625,-158024.57565027635,-0.0022258705941754723,0.0022498462545743263,30.554498822085183,27.28070046657617,0.15625
3128,36.28,4,0.4,0.6,0.22728701768996268,-157967.58667948085,-0.0027366237928167394,0.002153061890783914,34.12720971576302,23.95028034899897,0.15625
3129,36.29,5,0.5,0.5,0.4698968364264625,-158070.42333122095,-0.0023573345295676788,0.0021940338958209354,30.767339536189773,26.234363632475613,0.15625
3130,36.3,3,0.30000000000000004,0.7,0.3207655912338207,-158037.8252277514,-0.0025311948262625845,0.0025292099332077187,31.415949187039203,29.05574882010297,0.15625
3131,36.31,3,0.30000000000000004,0.7,0.4718902027765022,-158006.16933777,-0.0025369252656581194,0.002590059872846912,31.118862341474053,30.03162475866218,0.15625
3132,36.32,5,0.5,0.5,0.4064428219365735,-157952.82203506006,-0.0021352975267238576,0.0019069603196309754,28.573194310934852,23.3201185989712,0.15625
3133,36.33,5,0.5,0.5,0.3135288474047107,-158044.165525028,-0.002395918629539437,0.0022034441064420294,30.11039919729371,25.520889994268934,0.15625
3134,36.34,5,0.5,0.5,0.38377133072537417,-157967.012803428,-0.0027415114677527374,0.0023497910844507914,36.129492049525275,27.415583814363433,0.15625
3135,36.35,4,0.4,0.6,0.3585585305601616,-158094.70094733685,-0.0022950846714897962,0.0024100521495648785,32.93137529052578,30.045283758362135,0.15625
3136,36.36,4,0.4,0.6,0.45440782749724484,-157962.73613963314,-0.0024954205121373884,0.0025578616750013515,30.477950689337938,28.737994015800442,0.15625
3137,36.37,5,0.5,0.5,0.39550926105567347,-158165.31349213555,-0.0024184527495779867,0.00215405884675199,29.10369916546798,24.91742500524347,0.15625
3138,36.38,6,0.6000000000000001,0.3999999999999999,0.7115881667585146,-157988.12151448856,-0.0022642242825872457,0.0017233822035115935,28.69799290893429,20.548047867428807,0.15625
3139,36.39,6,0.6000000000000001,0.3999999999999999,0.7303949502262793,-158000.71504401506,-0.0027607146795663273,0.0023424511984658017,34.92832108474986,26.513875974013438,0.15625
3140,36.4,6,0.6000000000000001,0.3999999999999999,0.6855649126155933,-157960.18522338936,-0.0024371262525853515,0.0027852693515038112,32.95018125392506,32.38530594439899,0.15625
3141,36.41,6,0.6000000000000001,0.3999999999999999,0.5433845319870618,-158102.5494516772,-0.002397772915762421,0.0022386378341681216,32.871817347670834,26.286658106984117,0.15625
3142,36.42,6,0.6000000000000001,0.3999999999999999,0.5794993230940583,-158053.93675139986,-0.0024813492633010284,0.002250543491874555,30.263390713977323,26.224434695232418,0.15625
3143,36.43,7,0.7000000000000001,0.29999999999999993,0.07378394027495418,-157982.61575616171,-0.002338394730798214,0.002191705799624376,29.483821237631343,25.9723567205255,0.15625
3144,36.44,6,0.6000000000000001,0.3999999999999999,0.23306682925071434,-157910.5927047853,-0.002420022026106106,0.0024466592239654854,29.244615393898826,29.343901388447016,0.15625
3145,36.45,7,0.7000000000000001,0.29999999999999993,0.46298945474434045,-158053.0035323755,-0.0026888011223452123,0.0022206866293759953,36.13492801330486,27.648104088733152,0.15625
3146,36.46,5,0.5,0.5,0.2200341246790181,-158004.13783087532,-0.002224982042550263,0.0022875035637804956,30.683007207043893,28.783492060719336,0.15625
3147,36.47,5,0.5,0.5,0.38403201058723213,-157952.85481110163,-0.002313532506000704,0.0022748927075239072,29.855446685172392,25.417329715274665,0.15625
3148,36.48,4,0.4,0.6,0.2786715962678508,-157914.61405788572,-0.002557904868707877,0.0022368618887058283,31.42414981990853,25.831018052744035,0.15625
3149,36.49,3,0.30000000000000004,0.7,0.1795159350006793,-158029.5992399538,-0.002481563527515186,0.002177902415534915,30.77373618874584,26.87852806766202,0.15625
3150,36.5,3,0.30000000000000004,0.7,0.8636441477285121,-157932.10279267235,-0.002523261743920916,0.0024197684231557067,32.169218336673524,28.266111514350502,0.15625
3151,36.51,3,0.30000000000000004,0.7,0.6922079156143119,-158079.86288465981,-0.0023867251363717317,0.0027552765534391006,31.11207259015723,31.44891825263614,0.15625
3152,36.52,4,0.4,0.6,0.3669054581561381,-157961.51339774713,-0.002340077425718242,0.0020323000638521635,29.56168946150758,23.051757665746344,0.15625
3153,36.53,4,0.4,0.6,0.19254963433130506,-157930.38561324606,-0.0024936235168836886,0.002157975245022887,31.13304782322839,26.73732381932575,0.15625
3154,36.54,6,0.6000000000000001,0.3999999999999999,0.2116808568917842,-158078.3792749507,-0.0026914334738583423,0.0023563711733353533,33.393722953966396,26.43125914904353,0.15625
3155,36.55,3,0.30000000000000004,0.7,0.22917471185622457,-157992.0634978877,-0.0021996021740288583,0.0023260881078329227,30.65228097211989,27.703221864985128,0.15625
3156,36.56,3,0.30000000000000004,0.7,0.19993826711134238,-158012.9733419091,-0.0021812110845025774,0.002410040757852547,29.239987608073577,28.242131534004574,0.15625
3157,36.57,3,0.30000000000000004,0.7,0.7466701259925898,-158024.80041989527,-0.0027222649244364604,0.002211441740952902,32.93599554455433,27.2711419709276,0.15625
3158,36.58,3,0.30000000000000004,0.7,0.7297567518589102,-157986.18794466494,-0.0025461246875238324,0.002151595110714337,30.987628923325772,25.661963612531046,0.15625
3159,36.59,4,0.4,0.6,0.4213715321621766,-158035.0479739058,-0.002345066401587657,0.002402944513506788,30.427969908107933,27.774838906493528,0.15625
3160,36.6,4,0.4,0.6,0.4223604800371514,-158035.69801214844,-0.002492199795096429,0.002432266929462217,31.88122273173157,27.098233342789516,0.15625
3161,36.61,3,0.30000000000000004,0.7,0.36312510879399357,-157927.92638361422,-0.0024112901821421117,0.0020800697076199057,33.26184379502708,25.060257994171764,0.15625
3162,36.62,3,0.30000000000000004,0.7,0.6604963482323389,-158049.92795282308,-0.0023963419136703457,0.002435287962942387,30.764581209492405,28.742100290371255,0.15625
3163,36.63,3,0.30000000000000004,0.7,0.5748541582077363,-157932.34676126926,-0.0024617609813356086,0.002399599468189493,30.263667441277246,27.189619223281923,0.15625
3164,36.64,3,0.30000000000000004,0.7,0.3812754473279095,-157940.86962750135,-0.002314531732296411,0.002146516614961011,30.43227711820438,26.13285509433491,0.15625
3165,36.65,5,0.5,0.5,0.49572892507021016,-158013.29857116347,-0.0025617924281156486,0.002194501977726088,34.29263452398241,25.688173129499244,0.15625
3166,36.66,6,0.6000000000000001,0.3999999999999999,0.4809331563502331,-158012.45803484847,-0.0024608715847442312,0.002389016355208903,31.894730444363795,28.478182927621553,0.15625
3167,36.67,5,0.5,0.5,0.4789523603668982,-158034.31793390823,-0.0024531854370568045,0.0022542788575689596,30.87340598951332,25.84483160135755,0.15625
3168,36.68,5,0.5,0.5,0.4784483700374199,-158207.21639918615,-0.0025953271643657763,0.0022021918134543777,31.16223923619485,26.5612405627484,0.15625
3169,36.69,5,0.5,0.5,0.3397446927652915,-157952.64720321377,-0.0025350522715614147,0.0021984215379967868,32.436560317755685,25.05981240497708,0.15625
3170,36.7,6,0.6000000000000001,0.3999999999999999,0.48041795977442664,-158085.34820956405,-0.002147639223888613,0.0025165079904134495,29.308363739234995,28.63501936005833,0.15625
3171,36.71,7,0.7000000000000001,0.29999999999999993,0.21536760932217094,-158034.95955170123,-0.0024820078307551457,0.0024687576591408272,31.376537308581835,28.409734232021968,0.15625
3172,36.72,7,0.7000000000000001,0.29999999999999993,0.4865976876966455,-158101.87107409083,-0.0027272441004106023,0.0022372155165509993,33.69604007573459,26.858076491609584,0.15625
3173,36.73,7,0.7000000000000001,0.29999999999999993,0.4105114428963573,-158013.01863101267,-0.0025069894305176643,0.0020919345170815258,32.90485335697125,26.712443881907173,0.15625
3174,36.74,8,0.8,0.19999999999999996,0.6423010037816324,-158192.53185467736,-0.0023843496129436555,0.0024614395448143657,30.298415019709626,28.716108844935324,0.15625
3175,36.75,8,0.8,0.19999999999999996,0.6258837650013295,-158137.0313080326,-0.0021450730110972507,0.0023214455572203177,29.547558786491283,28.805139516987463,0.15625
3176,36.76,8,0.8,0.19999999999999996,0.22216475425646692,-158142.17546358702,-0.0023202829065250142,0.0023855256777115985,27.745220784922598,28.124488253241942,0.15625
3177,36.77,8,0.8,0.19999999999999996,0.4622124151997471,-158165.0794772069,-0.002739861272203478,0.002220920919201232,33.656566160889,30.267250894193182,0.15625
3178,36.78,8,0.8,0.19999999999999996,0.2480352432978985,-158217.1661695866,-0.002695154910471003,0.002244650900456794,33.863658063548506,28.039871283519343,0.15625
3179,36.79,6,0.6000000000000001,0.3999999999999999,0.52639425150581,-158119.0133915012,-0.0022833514306264263,0.0023930908666978654,31.176569265364616,27.93992019392347,0.15625
3180,36.8,5,0.5,0.5,0.25741110991509825,-158018.94640969808,-0.0023077457266953913,0.0021997900652793593,30.72508107859758,25.145983104488156,0.15625
3181,36.81,6,0.6000000000000001,0.3999999999999999,0.43635678313561155,-158063.93701908906,-0.0023888323655001454,0.0021351051142372447,31.92424894598644,25.707443708826517,0.15625
3182,36.82,7,0.7000000000000001,0.29999999999999993,0.4007185133168184,-158072.76204294083,-0.002507623135151801,0.0022403109113846255,31.41763443571909,26.605092929404236,0.15625
3183,36.83,6,0.6000000000000001,0.3999999999999999,0.424371386382711,-158038.08222556702,-0.0023200141924262486,0.0027166532058614584,26.9254778579419,31.478365264474267,0.15625
3184,36.84,6,0.6000000000000001,0.3999999999999999,0.5170412974047027,-158067.81663311558,-0.0024150807224124333,0.0021949780218037235,30.802568341588152,27.27934486555147,0.15625
3185,36.85,5,0.5,0.5,0.4498866536056595,-158059.04250982153,-0.002689956288657216,0.001948996362665038,35.31655443412251,22.635728211822595,0.15625
3186,36.86,5,0.5,0.5,0.4396635128130147,-157973.13748520083,-0.002390205525736965,0.002572786657046737,33.853983117366056,29.641829084702294,0.15625
3187,36.87,4,0.4,0.6,0.3367400774723974,-158064.5382936258,-0.002548066445811752,0.0025541895104691423,32.18153790417432,26.84026515033277,0.15625
3188,36.88,4,0.4,0.6,0.5858802735943095,-158066.3772664423,-0.0025411749836937764,0.0020214417771856315,32.62663820115196,25.20799734990309,0.15625
3189,36.89,6,0.6000000000000001,0.3999999999999999,0.0020579646700038955,-157975.68145958922,-0.002357664756893638,0.002026581348486174,27.992962984960823,25.301695312636003,0.15625
3190,36.9,6,0.6000000000000001,0.3999999999999999,0.15673895301428367,-158125.01893210429,-0.0023748382715568337,0.002260969395301956,31.421677480795037,29.24853989357176,0.15625
3191,36.91,5,0.5,0.5,0.36369366814372356,-158062.04346714637,-0.0023472670093447234,0.002367033536916245,32.11285042560396,28.353781685820447,0.15625
3192,36.92,3,0.30000000000000004,0.7,0.32437167165563885,-157978.18886916115,-0.002396665680542221,0.0024805621899194417,31.952664069129863,28.332586737540204,0.15625
3193,36.93,3,0.30000000000000004,0.7,0.45129323153525774,-158006.5147941784,-0.0026062010504392832,0.002133093006114822,32.040214259654554,23.29984684779305,0.15625
3194,36.94,3,0.30000000000000004,0.7,0.5694069580588961,-157967.6359253429,-0.002354205367201771,0.0022497366402452965,29.180924479514413,26.36417017871059,0.15625
3195,36.95,4,0.4,0.6,0.29673224198141035,-158003.89285183887,-0.002444637099030543,0.0026432165538244788,29.29536154990515,30.15248990683711,0.15625
3196,36.96,3,0.30000000000000004,0.7,0.302326104787856,-158089.67331629,-0.0024795670768280233,0.0024017126336441435,31.406315232766232,28.901956266801186,0.15625
3197,36.97,4,0.4,0.6,0.4949692687202713,-158071.93791886748,-0.0025820789181960064,0.001953903388189365,32.59883612887589,24.206811787932505,0.15625
3198,36.98,4,0.4,0.6,0.5075610368824438,-157945.5437596035,-0.0025845417242738138,0.0019135337113082018,34.36757352635443,22.937198235787367,0.15625
3199,36.99,3,0.30000000000000004,0.7,0.4720289254916669,-158053.5972990899,-0.0022837636321350776,0.0025263719755061363,30.464368642581395,28.406433499718162,0.15625
3200,37.0,3,0.30000000000000004,0.7,0.41572757880739,-158077.9594771972,-0.0023433480013895724,0.0024341923840584213,31.378284480357465,28.038900247199066,0.15625
3201,37.01,2,0.2,0.8,0.9013281323628828,-157970.91470734094,-0.0023800724703232183,0.0023235710461100064,29.95296402864572,27.921298357842403,0.15625
3202,37.02,2,0.2,0.8,0.6398163410912658,-158014.74681029515,-0.0026037793270460652,0.00198965334582349,32.68798148365818,24.345340561199535,0.15625
3203,37.03,2,0.2,0.8,0.3659553900691951,-157969.22006619305,-0.0023681648223097193,0.0021569115989452632,30.88746326321853,24.985727231155995,0.15625
3204,37.04,2,0.2,0.8,0.9680267188028305,-158082.64398320278,-0.002247614083613204,0.0028015503379707997,29.630876770425065,30.82757186485246,0.15625
3205,37.05,2,0.2,0.8,0.612305800221386,-157994.96445828362,-0.0024648294523778877,0.0024303535961191012,30.0188350072149,28.852247476136565,0.15625
3206,37.06,2,0.2,0.8,0.6356195452401715,-158051.3366543742,-0.0028507482030253667,0.0020775190788678874,32.556652740357194,26.054289675237676,0.15625
3207,37.07,3,0.30000000000000004,0.7,0.5754849700886769,-158054.96101586716,-0.002265564243768377,0.002077892957123284,28.807867168930738,26.033681203880793,0.15625
3208,37.08,3,0.30000000000000004,0.7,0.39630751072640164,-158040.23772307456,-0.0020490887651037626,0.0022845180131821977,28.640384027644743,25.93033125963869,0.15625
3209,37.09,2,0.2,0.8,0.6224777426172771,-158075.63714001642,-0.0023225368540553274,0.002266441880035901,33.75482840653919,26.416222908332827,0.15625
3210,37.1,3,0.30000000000000004,0.7,0.2645043463394865,-158115.94885744288,-0.0028744059391780934,0.0021637667892156496,36.620648494315056,25.605391055056756,0.15625
3211,37.11,3,0.30000000000000004,0.7,0.45165036595154656,-157991.14432523242,-0.0025204443855715397,0.0022757207314347237,31.674799381484895,28.640424937708605,0.15625
3212,37.12,3,0.30000000000000004,0.7,0.41809387040118384,-158111.42859169692,-0.0021765616715580557,0.00249289694379773,27.265573013570965,28.961192242545543,0.15625
3213,37.13,4,0.4,0.6,0.41559936148343274,-157978.90293306255,-0.002200305286127593,0.0025582453006331566,27.530463157925908,28.513129373229727,0.15625
3214,37.14,4,0.4,0.6,0.6761074479248513,-157984.61005706,-0.0024827626156625373,0.002076275557812034,31.20304324952416,24.508877038374415,0.15625
3215,37.15,4,0.4,0.6,0.6560224970963212,-157994.26976880562,-0.0027842867459346773,0.001994287341639217,35.37715142468545,23.733765147315168,0.15625
3216,37.16,4,0.4,0.6,0.6280716695268043,-157983.44037606975,-0.0025319762132160165,0.002399549140414061,33.55800189640455,27.988297293185802,0.15625
3217,37.17,4,0.4,0.6,0.5765094969082561,-157988.47579545397,-0.0022328482839072445,0.002552234768026326,30.203032058096518,28.65583860191116,0.15625
3218,37.18,5,0.5,0.5,0.3589170217012004,-158026.84575475004,-0.0023692842045074268,0.0020302220489535976,31.870890842191706,23.907691855641556,0.15625
3219,37.19,4,0.4,0.6,0.4994803648695369,-158071.46079115284,-0.002456231522347572,0.002139858694698263,30.410032095442286,26.042195726039587,0.15625
3220,37.2,3,0.30000000000000004,0.7,0.5518985528360671,-158025.54742968088,-0.002566385180463974,0.002479761268321211,29.748048411283452,28.129235375734403,0.15625
3221,37.21,4,0.4,0.6,0.4489881806368418,-158045.31073636963,-0.0023714960766039617,0.0022340180401805186,30.498775592219424,26.516003731756935,0.15625
3222,37.22,6,0.6000000000000001,0.3999999999999999,0.15542746803071336,-158205.36139760236,-0.002325357747849844,0.0021711531816055642,31.889191919862405,25.75626774536913,0.15625
3223,37.23,5,0.5,0.5,0.45108960897828926,-158037.89782589235,-0.0025712244065585776,0.0025033775858626455,33.85678957947045,28.614767119215085,0.15625
3224,37.24,5,0.5,0.5,0.26173939448762035,-158114.80773117018,-0.0025350250816523175,0.0024366316475773987,32.51133111818509,28.103051475295533,0.15625
3225,37.25,5,0.5,0.5,0.4944288121205768,-158065.98866174585,-0.0023423514272223524,0.002190297321697141,29.30108262719158,26.437980529033315,0.15625
3226,37.26,5,0.5,0.5,0.42291126195084877,-158089.881924769,-0.002542858554102447,0.002147595215697344,32.821467542432565,25.3334959272405,0.15625
3227,37.27,6,0.6000000000000001,0.3999999999999999,0.3577980838828008,-158205.1029734791,-0.002253771270159954,0.0025509981732485996,29.617808037131418,28.900478588567633,0.15625
3228,37.28,7,0.7000000000000001,0.29999999999999993,0.6111931316324015,-158120.65320553468,-0.0024374845393688874,0.002423373714548359,32.75822686508023,29.050862080858565,0.15625
3229,37.29,6,0.6000000000000001,0.3999999999999999,0.12292554553267786,-158173.64444025757,-0.0028220499931710954,0.001994764320506705,34.17337468375634,24.080815229521637,0.15625
3230,37.3,6,0.6000000000000001,0.3999999999999999,0.4382699435144005,-158124.0008204102,-0.0023508878068297353,0.002047632969617582,30.136159016788625,26.557048456208985,0.15625
3231,37.31,6,0.6000000000000001,0.3999999999999999,0.3921896056450379,-158068.39200668162,-0.0022224905610577243,0.002526734825308169,26.405843834794084,28.58031183500289,0.15625
3232,37.32,5,0.5,0.5,0.419152945132496,-158112.47300596448,-0.0024151141228360954,0.002401621629495848,32.12600771990173,27.88564315444152,0.15625
3233,37.33,4,0.4,0.6,0.19483911405833815,-157994.86459955058,-0.0024367491555836156,0.00215363765316227,32.612863885904964,24.84534948116929,0.15625
3234,37.34,3,0.30000000000000004,0.7,0.4560103702536379,-158092.8845695667,-0.0025644324636990307,0.0024507289580979327,34.339671220536154,28.906179743343802,0.15625
3235,37.35,3,0.30000000000000004,0.7,0.46972263535134623,-158029.51420962423,-0.002459592384565015,0.0025781822068141054,31.532667006832256,28.695532040748677,0.15625
3236,37.36,4,0.4,0.6,0.6215885587110779,-158090.80261705886,-0.002280882643580711,0.002247283923393532,29.664026422848476,28.099857982171873,0.15625
3237,37.37,4,0.4,0.6,0.5160517143141291,-158015.71911170505,-0.0026876672190288735,0.002082046511856778,32.94349025892417,23.1672113214409,0.15625
3238,37.38,3,0.30000000000000004,0.7,0.25096061943689757,-158057.81017859097,-0.002394396220778517,0.0021979173794568767,31.67035050020729,26.27897745372828,0.15625
3239,37.39,3,0.30000000000000004,0.7,0.43695807871071657,-158088.23397612298,-0.0025230037253187888,0.002439639890213019,31.593778086612218,27.325494297694824,0.15625
3240,37.4,4,0.4,0.6,0.2319348649926333,-158096.47329230196,-0.0025078492936664093,0.0023476995439371717,33.44362418997766,28.09324881792223,0.15625
3241,37.41,6,0.6000000000000001,0.3999999999999999,0.38158760426199784,-158068.1647299757,-0.002206783393382564,0.0020557436774185332,29.08284699570901,25.47016269104298,0.15625
3242,37.42,7,0.7000000000000001,0.29999999999999993,0.6483482192606563,-158180.20364501956,-0.0022956117027819107,0.0021884530802708567,28.25847078762116,25.81522103618722,0.15625
3243,37.43,7,0.7000000000000001,0.29999999999999993,0.3070712549361786,-158148.9799419844,-0.0024308819256382,0.002500195510478524,31.145708209063702,29.203677696589097,0.15625
3244,37.44,9,0.9,0.09999999999999998,0.7222657249074674,-158197.22855804695,-0.0026155100738973,0.0023389048708891743,34.819586849148514,27.317808274202466,0.15625
3245,37.45,8,0.8,0.19999999999999996,0.4391606165368154,-158351.53933230464,-0.002518375692557868,0.002429212375878426,31.932596761849684,30.53118705218742,0.15625
3246,37.46,9,0.9,0.09999999999999998,0.6001723814642304,-158190.56614504752,-0.002362790512957093,0.002322497220245672,31.102107126684707,30.0786878333385,0.15625
3247,37.47,7,0.7000000000000001,0.29999999999999993,0.016758806652860263,-158202.29482524018,-0.002301846130841343,0.0022014070006388313,28.219088744971188,27.86842572122604,0.15625
3248,37.48,8,0.8,0.19999999999999996,0.573666878308106,-158155.81666119388,-0.002578915449962622,0.002215922824439488,33.40148794561551,27.73071730083059,0.15625
3249,37.49,8,0.8,0.19999999999999996,0.5212884286795925,-158315.42418136992,-0.0023123676099921,0.0022494102783192707,29.665742658608163,26.963229403577238,0.15625
3250,37.5,8,0.8,0.19999999999999996,0.5365814626781757,-158042.89099998184,-0.0025686497121340675,0.002346861361791092,32.564587774783526,27.424504683930692,0.15625
3251,37.51,8,0.8,0.19999999999999996,0.41280287658442144,-158324.65140202412,-0.0024738260866142567,0.00244864537057486,32.6606553825562,29.31419956120232,0.15625
3252,37.52,7,0.7000000000000001,0.29999999999999993,0.6231228600693676,-158111.99037367475,-0.0022747292764623934,0.0023540632305661937,29.363117534826284,28.391236999649422,0.15625
3253,37.53,6,0.6000000000000001,0.3999999999999999,0.40237832003998747,-158036.72039454675,-0.002488769526191564,0.002184171047882641,30.749153788211885,26.105547903985492,0.15625
3254,37.54,7,0.7000000000000001,0.29999999999999993,0.409884067609108,-158162.20576950247,-0.0024202443793955647,0.0024377088857912067,29.780795162634902,28.006719162933067,0.15625
3255,37.55,7,0.7000000000000001,0.29999999999999993,0.574440321259207,-158119.41841569278,-0.0024560868789312877,0.0019964232384466264,35.09505653763635,24.13143163012644,0.15625
3256,37.56,7,0.7000000000000001,0.29999999999999993,0.4032707453680614,-158140.59660658464,-0.0025760882007618566,0.002215621693092491,34.61795888569191,26.27505718645371,0.15625
3257,37.57,7,0.7000000000000001,0.29999999999999993,0.5071764395524697,-158147.14145458755,-0.0024492517389622845,0.0025680442273098942,30.240854859007175,30.58056876229917,0.15625
3258,37.58,8,0.8,0.19999999999999996,0.5023819751504771,-158203.33037885473,-0.002312089783865526,0.002251126126584022,27.45003554029255,27.34595706208817,0.15625
3259,37.59,9,0.9,0.09999999999999998,0.8621989073566081,-158403.5187738692,-0.002453151676392969,0.002111237677699727,32.74376968145138,27.35438562522022,0.15625
3260,37.6,9,0.9,0.09999999999999998,0.9721212233488739,-158241.7270568855,-0.002556500954454929,0.0024664506929629295,32.08918412763735,29.056226902447907,0.15625
3261,37.61,9,0.9,0.09999999999999998,0.9136287501889927,-158269.97458033508,-0.0022350752348296843,0.0023197225189081974,32.28303664760867,29.825672197627085,0.15625
3262,37.62,9,0.9,0.09999999999999998,0.5797552340093608,-158361.47152073728,-0.0024785338090353936,0.002052749877261846,31.814204471037584,25.079830911428253,0.15625
3263,37.63,9,0.9,0.09999999999999998,0.9716592960722747,-158276.65647130134,-0.0025697627786631463,0.0025615852284079465,31.05781191979776,31.43451320582401,0.15625
3264,37.64,9,0.9,0.09999999999999998,0.7475863778730425,-158323.67865265242,-0.0021319054087228784,0.0023794139212958464,26.73448311925977,29.30625103031886,0.15625
3265,37.65,9,0.9,0.09999999999999998,0.8140544358611123,-158336.9035262447,-0.002394416044909933,0.002336893979769896,29.820862412504937,31.2251773501961,0.15625
3266,37.66,9,0.9,0.09999999999999998,0.8218187160586653,-158195.61531235476,-0.0027445481863216216,0.0020902316552447973,35.44215595740099,27.42362147429871,0.15625
3267,37.67,9,0.9,0.09999999999999998,0.9838661959051955,-158261.37879475052,-0.0021718967762100537,0.002135936593112578,30.519973569989684,28.821103897873964,0.15625
3268,37.68,9,0.9,0.09999999999999998,0.9857496584184166,-158329.08241610503,-0.0025028953181752945,0.002733925162840136,30.74762961037056,31.693717090376534,0.15625
3269,37.69,9,0.9,0.09999999999999998,0.9915351878227838,-158403.44421045072,-0.002638800213244936,0.002383985594475929,31.798953514873887,29.826410803331505,0.15625
3270,37.7,9,0.9,0.09999999999999998,0.9970622469780044,-158288.0834942706,-0.0023514331365973827,0.002225673472975816,29.61857200453881,29.74288943530837,0.15625
3271,37.71,9,0.9,0.09999999999999998,0.9709917655601203,-158356.8281024616,-0.0023410826760260177,0.002522774963203912,30.75406037987694,32.848543516214,0.15625
3272,37.72,9,0.9,0.09999999999999998,0.9539760939513624,-158324.6492604794,-0.0024694725189487697,0.0026482683184414343,32.625540645125824,36.50036473291926,0.15625
3273,37.73,9,0.9,0.09999999999999998,0.9928741508652984,-158328.05398764266,-0.0025581222508171764,0.002095601195752319,32.502726300554855,29.02225439934172,0.15625
3274,37.74,9,0.9,0.09999999999999998,0.9179139199088904,-158319.36174695863,-0.0023587328937536636,0.0021565409270453296,29.543443115107717,29.846195542283663,0.15625
3275,37.75,9,0.9,0.09999999999999998,0.9666119316387691,-158284.49502208814,-0.0024049944617348467,0.002705454648779496,29.640497030015798,33.395661931821216,0.15625
3276,37.76,9,0.9,0.09999999999999998,0.9859834718917806,-158295.84692769276,-0.002406731019663028,0.0026492897756102154,29.953929230825413,36.41993010636965,0.15625
3277,37.77,9,0.9,0.09999999999999998,0.9770026551684822,-158335.20008225474,-0.00247921784166979,0.0020349059427158776,30.699280996441193,27.411906387317796,0.15625
3278,37.78,9,0.9,0.09999999999999998,0.9960379993230447,-158278.43889398535,-0.0025225212261713384,0.0024415328986409856,32.129108379187834,34.53355610980005,0.15625
3279,37.79,9,0.9,0.09999999999999998,0.9938154245570279,-158361.67998321055,-0.0027081064389676973,0.002846273506857188,35.06144738580577,34.30489537176468,0.15625
3280,37.8,9,0.9,0.09999999999999998,0.940900282589916,-158319.43863113303,-0.0022148200276703423,0.002221331020476006,31.89929125875254,28.477724278236277,0.15625
3281,37.81,9,0.9,0.09999999999999998,0.9450855973384472,-158349.15779081624,-0.0022775756201144177,0.0021684840528656017,29.16460948532183,28.140367816397166,0.15625
3282,37.82,9,0.9,0.09999999999999998,0.7487319868033172,-158343.68119134416,-0.0024535304894263005,0.002566039131624128,28.57216487148362,33.717292076761005,0.15625
3283,37.83,9,0.9,0.09999999999999998,0.8974503536501688,-158341.14340837355,-0.0023998982028642186,0.0023595747215398822,28.857881089452132,34.08941488069559,0.15625
3284,37.84,9,0.9,0.09999999999999998,0.8393584694168816,-158291.0438928875,-0.002661975634386697,0.0021996220002698215,33.18233648287079,31.344809126146295,0.15625
3285,37.85,8,0.8,0.19999999999999996,0.600201089251787,-158192.94813289418,-0.0023028103840016315,0.0026582716775857282,29.163122547276057,35.5310877297344,0.15625
3286,37.86,8,0.8,0.19999999999999996,0.8481543077679501,-158247.70176626628,-0.002202480636597778,0.002351195822626115,29.851198336526398,26.648590521027167,0.15625
3287,37.87,7,0.7000000000000001,0.29999999999999993,0.44155376135951363,-158146.08359034773,-0.002312357555229714,0.0019494125262230063,31.838343017666123,24.47216586826411,0.15625
3288,37.88,7,0.7000000000000001,0.29999999999999993,0.41492256202212585,-158206.33554802378,-0.002585066709248633,0.002407270392072342,31.334935866540057,28.152203021213584,0.15625
3289,37.89,8,0.8,0.19999999999999996,0.8561401888597779,-158283.77825870892,-0.0026006816885318367,0.002438009156588707,33.48806929895732,30.96733434805051,0.15625
3290,37.9,7,0.7000000000000001,0.29999999999999993,0.4791013078922305,-158291.69348557296,-0.0024439768716706337,0.0023104206613928256,31.194696481018916,27.284264059565235,0.15625
3291,37.91,6,0.6000000000000001,0.3999999999999999,0.5620860965821572,-158116.77346905385,-0.0023620410216721455,0.002251545656418723,31.796297681954144,26.795655198243654,0.15625
3292,37.92,8,0.8,0.19999999999999996,0.12589939808682102,-158297.09386260624,-0.002392196502402003,0.0021031404832442405,28.501984156646046,22.25029708045131,0.15625
3293,37.93,5,0.5,0.5,0.10269083260647945,-157992.9549518859,-0.002483150030416921,0.0021663183354450532,33.846703824298665,25.29473179175204,0.15625
3294,37.94,6,0.6000000000000001,0.3999999999999999,0.43127913034306137,-158176.17680650976,-0.002540170442617415,0.0026811029032479984,32.22247253297553,31.274564694660924,0.15625
3295,37.95,6,0.6000000000000001,0.3999999999999999,0.46976220610195096,-158131.0734467906,-0.0025116135229265144,0.002325183682223201,35.01335710146634,29.00969783142903,0.15625
3296,37.96,6,0.6000000000000001,0.3999999999999999,0.16920888225003816,-158139.16329625604,-0.0020713871283095497,0.00219185944003571,26.875446126025036,29.14931402964365,0.15625
3297,37.97,5,0.5,0.5,0.5440469540623168,-158009.89093882393,-0.002534515768418174,0.002235139785307391,30.938240336016285,27.273783206773402,0.15625
3298,37.98,5,0.5,0.5,0.35436475879829543,-158096.17623663557,-0.0023919756635074193,0.002184836309119976,29.63228825586232,26.52141845035408,0.15625
3299,37.99,4,0.4,0.6,0.28859399487316295,-158061.31081871947,-0.0023694505769391943,0.002101630525141158,32.588935955172865,24.88512610290338,0.15625
3300,38.0,3,0.30000000000000004,0.7,0.5780965623241126,-158176.3141869665,-0.00270683405117418,0.00259574346659095,34.13716300168681,28.775460704481773,0.15625
3301,38.01,4,0.4,0.6,0.5234203710911041,-158039.7688029453,-0.0023639698344572273,0.002218206341350255,31.688861223022677,25.509819221400495,0.15625
3302,38.02,6,0.6000000000000001,0.3999999999999999,0.02909430872059998,-158103.3971545547,-0.0022336711232654838,0.0021900218529895136,27.936519529011147,26.285346558767017,0.15625
3303,38.03,6,0.6000000000000001,0.3999999999999999,0.3960165075079611,-158208.91747523998,-0.002767440652272705,0.002376268400683947,33.33591278262638,27.379446623231456,0.15625
3304,38.04,7,0.7000000000000001,0.29999999999999993,0.5333904604295668,-158193.55421980418,-0.002292901137955704,0.0024936386897177754,30.463825246652288,29.26386404469746,0.15625
3305,38.05,7,0.7000000000000001,0.29999999999999993,0.46181390426152136,-158234.47936509058,-0.002209307946538809,0.002343237271899231,28.77382938716328,29.656038825604956,0.15625
3306,38.06,7,0.7000000000000001,0.29999999999999993,0.38185292069507315,-158145.217456543,-0.0027405155046167228,0.0019551397843209535,33.291703691986555,23.171816445043497,0.15625
3307,38.07,7,0.7000000000000001,0.29999999999999993,0.41848939149958925,-158201.82849300577,-0.002276022977815448,0.0019601010339994865,30.460363732147467,25.592842724436025,0.15625
3308,38.08,7,0.7000000000000001,0.29999999999999993,0.34771189610254843,-158291.39816695053,-0.0025953962881956607,0.0025510287566665644,32.50900635167834,28.906843838464344,0.15625
3309,38.09,8,0.8,0.19999999999999996,0.6389225473752629,-158253.29850663777,-0.0024162388053615273,0.002625284483219577,30.752698717784078,31.545664485177817,0.15625
3310,38.1,8,0.8,0.19999999999999996,0.36452530112336606,-158298.66100978374,-0.002215804987971924,0.002117883943333122,28.204084901072427,24.915594657571617,0.15625
3311,38.11,8,0.8,0.19999999999999996,0.7582477575629802,-158179.92884237244,-0.0027238275566106285,0.002155003019982216,34.47159353308605,26.488847536337442,0.15625
3312,38.12,7,0.7000000000000001,0.29999999999999993,0.34257429832837644,-158185.74131666787,-0.0026237005727287512,0.0023397940811959493,34.5469866993401,27.40167780781499,0.15625
3313,38.13,7,0.7000000000000001,0.29999999999999993,0.3230828410649469,-158261.55524427633,-0.0021193486768616293,0.0024541891656773432,28.010095890663397,28.88882357309152,0.15625
3314,38.14,7,0.7000000000000001,0.29999999999999993,0.32564233035526374,-158183.16880102805,-0.002294150461409482,0.0023818973042212155,28.92606275324991,29.742905587503625,0.15625
3315,38.15,5,0.5,0.5,0.4691270430690572,-158090.3855767576,-0.0025725018552828155,0.0019543277582178982,31.462323802846544,25.2123181154433,0.15625
3316,38.16,5,0.5,0.5,0.5067317068807973,-158157.49769227701,-0.0025416022661633457,0.002179980632711046,32.31573732567089,27.729097999486047,0.15625
3317,38.17,4,0.4,0.6,0.4500889819526796,-158072.32316617726,-0.0026529726897243236,0.002721402938820965,34.667761549086805,28.457534897169126,0.15625
3318,38.18,5,0.5,0.5,0.25583666033065355,-158129.43381075855,-0.0020510108285565444,0.0022444916538276573,28.86123272654147,26.61213720158693,0.15625
3319,38.19,5,0.5,0.5,0.49075763086883656,-158096.88155837255,-0.002469726805570087,0.0017927583789750733,32.77085959627299,21.424755456657117,0.15625
3320,38.2,4,0.4,0.6,0.4961758015824411,-158122.89685566345,-0.002767303229791135,0.0023374336693422655,31.85201872746953,28.580573055670776,0.15625
3321,38.21,2,0.2,0.8,0.20801340247373362,-158070.45461673013,-0.0023911733630341174,0.002746789998289183,29.469135156451134,30.656957940393404,0.15625
3322,38.22,3,0.30000000000000004,0.7,0.4685689441769111,-158109.11688716625,-0.002200657063605474,0.0026627283690726722,29.095323292393672,31.328716645044754,0.15625
3323,38.23,2,0.2,0.8,0.07580097386272243,-158212.70484287984,-0.0025740270450697383,0.0019960846895106955,32.322375527503155,24.12617995925895,0.15625
3324,38.24,2,0.2,0.8,0.5858367961896246,-158102.08831566872,-0.0025268219330824033,0.0016846678058121465,34.2362558679042,21.26965645042509,0.15625
3325,38.25,3,0.30000000000000004,0.7,0.30205438527517864,-158158.93612550697,-0.0024489015517117933,0.0021583017343968624,32.889642621331774,27.067420798106365,0.15625
3326,38.26,2,0.2,0.8,0.08200114901409714,-157960.32579684292,-0.0026828800333279106,0.0026662348456362563,35.45459613197416,29.42622322386454,0.15625
3327,38.27,2,0.2,0.8,0.9803069235648644,-158197.79632660962,-0.00215137085950282,0.0024283493472547326,28.308547729632718,29.165332195295733,0.15625
3328,38.28,2,0.2,0.8,0.9315371203412259,-158040.50616205775,-0.002388898096512548,0.002194731644859225,29.69318853891577,25.33321175136644,0.15625
3329,38.29,3,0.30000000000000004,0.7,0.46521801102217264,-158141.27679040976,-0.0023789915704312634,0.00241365546794232,28.541028672370718,29.4503386885107,0.15625
3330,38.3,2,0.2,0.8,0.35386825865952165,-158085.27277607183,-0.002342830260325901,0.0021615645059368596,31.63371315449513,27.2850770600142,0.15625
3331,38.31,2,0.2,0.8,0.8925310712769606,-158090.347762893,-0.002769985564978179,0.0023815412675999327,35.50398364058653,27.798764998962785,0.15625
3332,38.32,2,0.2,0.8,0.5912748268906055,-158128.09194781008,-0.0024546854209872796,0.002351068525571979,30.985272067744283,27.178704086132377,0.15625
3333,38.33,4,0.4,0.6,0.46803239976039235,-158138.36327296658,-0.0021264978130550462,0.00208085666669094,28.897526802583716,24.946462324848753,0.15625
3334,38.34,5,0.5,0.5,0.21584631292758621,-158130.4998146337,-0.0024095633887746054,0.002163095898650689,30.80567337669596,25.44763729286125,0.15625
3335,38.35,4,0.4,0.6,0.26623179176791123,-158052.1676890342,-0.0024916101736198637,0.002391491785308742,33.16326626502365,28.16587020665409,0.15625
3336,38.36,4,0.4,0.6,0.494761825887852,-158143.84317225034,-0.002580884115423829,0.002626179006290119,31.00293757591088,30.300480934147906,0.15625
3337,38.37,5,0.5,0.5,0.23055423812418233,-158204.12823657106,-0.002389651409198047,0.0021182775498487867,30.699222934558243,26.011872352740202,0.15625
3338,38.38,6,0.6000000000000001,0.3999999999999999,0.42685393425911294,-158151.24789829843,-0.0024033494685002984,0.0020886767264305735,30.09326606137111,24.187594603236256,0.15625
3339,38.39,6,0.6000000000000001,0.3999999999999999,0.5759367991607294,-158079.3473091148,-0.002546484192578243,0.0022929698176500646,32.05255111780561,25.015443877336427,0.15625
3340,38.4,6,0.6000000000000001,0.3999999999999999,0.5691938854573968,-158102.54261076695,-0.002379899599598309,0.0026526749513802964,31.639204947673072,29.8294544495886,0.15625
3341,38.41,5,0.5,0.5,0.3639120688672477,-158232.72443278713,-0.0026359498408520593,0.0022670984097400326,34.161203051927686,27.878197131200544,0.15625
3342,38.42,5,0.5,0.5,0.42532961766646615,-158153.33661786863,-0.0023553307007052587,0.0019772429447274184,30.263487579458094,25.631363470228486,0.15625
3343,38.43,7,0.7000000000000001,0.29999999999999993,0.3353343539087373,-158183.61436813176,-0.0021578178865415336,0.0022106998864358934,27.950459878109008,27.120932415181265,0.15625
3344,38.44,8,0.8,0.19999999999999996,0.8783073216146905,-158312.27953813077,-0.0024690763821505783,0.0023554511014422562,30.01862481353217,25.933674446123213,0.15625
3345,38.45,8,0.8,0.19999999999999996,0.8418401418052258,-158305.88403542974,-0.00252596104141459,0.002275798560565958,34.2642262463253,28.504068446941528,0.15625
3346,38.46,8,0.8,0.19999999999999996,0.7523551704228125,-158329.12574150748,-0.002652259801034662,0.0023933009833485707,33.280255074351,28.98686814732328,0.15625
3347,38.47,8,0.8,0.19999999999999996,0.8495094423589963,-158275.15208665034,-0.002444115202054385,0.0024832217468415845,31.907576209044866,31.42296023094413,0.15625
3348,38.48,7,0.7000000000000001,0.29999999999999993,0.11285422988025189,-158304.5511348648,-0.0022550136076948447,0.0023238742818317507,28.421832398666652,28.749695166016267,0.15625
3349,38.49,6,0.6000000000000001,0.3999999999999999,0.5119918962488428,-158159.71892559165,-0.0025159734074205924,0.0022220801644521537,30.554707060871287,26.94077811627877,0.15625
3350,38.5,6,0.6000000000000001,0.3999999999999999,0.34218417792746936,-158170.08316583504,-0.00246700706923058,0.002073397966367196,30.83089574162648,24.63882112234574,0.15625
3351,38.51,7,0.7000000000000001,0.29999999999999993,0.2833740400941873,-158190.3733561158,-0.002293390280226243,0.0023566636367697057,31.49449067445868,28.641410537858235,0.15625
3352,38.52,7,0.7000000000000001,0.29999999999999993,0.2992838849658004,-158233.10418751618,-0.002529637603393166,0.0025033456048953635,33.78686602268628,28.682773240484128,0.15625
3353,38.53,7,0.7000000000000001,0.29999999999999993,0.29440439241974636,-158199.14109186528,-0.0025614055882560655,0.0021716818646583045,34.32645861060351,26.033171161226157,0.15625
3354,38.54,7,0.7000000000000001,0.29999999999999993,0.18030573868316155,-158281.6700165116,-0.002446360707166972,0.002172546658452623,30.364837480511202,25.58248476694937,0.15625
3355,38.55,8,0.8,0.19999999999999996,0.06024701064015568,-158285.67167834847,-0.0022898608173599878,0.0024974144433299412,26.273076044548525,27.810195184758722,0.15625
3356,38.56,8,0.8,0.19999999999999996,0.6361782961273184,-158262.66122689313,-0.002482229175043882,0.0022302643559911285,31.367506425801324,26.952403863525664,0.15625
3357,38.57,8,0.8,0.19999999999999996,0.6735659855770748,-158304.01728524012,-0.002599586757242986,0.002257010528009538,32.68181347674015,27.420757197638423,0.15625
3358,38.58,9,0.9,0.09999999999999998,0.5064996227814582,-158394.79565359704,-0.0025195326623901177,0.0023419193146868795,35.66216786410439,30.623945587614404,0.15625
3359,38.59,9,0.9,0.09999999999999998,0.7863938716994268,-158422.43953248826,-0.002558006885065531,0.002425929134233183,33.13639589805441,29.588295468012788,0.15625
3360,38.6,9,0.9,0.09999999999999998,0.6550191422134108,-158447.1969842672,-0.0022135427976608195,0.0022960178748356445,28.049524616352308,29.86011210070431,0.15625
3361,38.61,9,0.9,0.09999999999999998,0.8564739061236321,-158416.2825361369,-0.00204920350934515,0.0021372725177328878,23.819936209835422,26.91411343055623,0.15625
3362,38.62,9,0.9,0.09999999999999998,0.24595844862916494,-158397.9104513317,-0.002567322114445844,0.0022461889456501863,33.0114455293525,30.38205810682907,0.15625
3363,38.63,8,0.8,0.19999999999999996,0.730864571014828,-158196.75646756197,-0.0025723553233370977,0.0024742473558578195,33.36285293786554,30.181269607251966,0.15625
3364,38.64,8,0.8,0.19999999999999996,0.33619682515534094,-158317.01392376563,-0.0023157241119910943,0.0025651116326756884,34.28905690599762,34.37020348513173,0.15625
3365,38.65,8,0.8,0.19999999999999996,0.7396348689627417,-158328.64378911207,-0.0026281590675721733,0.0022308685324568013,30.693788984481223,26.2407118731086,0.15625
3366,38.66,6,0.6000000000000001,0.3999999999999999,0.06253439290014773,-158200.8678339305,-0.0024096504892636666,0.0018543049831421035,29.878234451735988,23.768944489109924,0.15625
3367,38.67,6,0.6000000000000001,0.3999999999999999,0.43348237861162353,-158152.73987221872,-0.0022982004580681956,0.002300135226179321,27.902848887024273,24.20646028745897,0.15625
3368,38.68,5,0.5,0.5,0.35169687182104203,-158090.53449888426,-0.0025834059674927586,0.002569884512097873,36.65521962318694,28.238515717196112,0.15625
3369,38.69,4,0.4,0.6,0.5301394388124011,-158216.40326122983,-0.002564734069431116,0.002399891430507153,35.19505164975563,27.790092243151253,0.15625
3370,38.7,5,0.5,0.5,0.03705884704553136,-158195.66730808618,-0.0025781229924274987,0.002107465658532672,33.66254948827481,27.330139532780255,0.15625
3371,38.71,6,0.6000000000000001,0.3999999999999999,0.4324774630609401,-158195.01135084665,-0.0025207284528211567,0.0022092898645031424,28.615100455042096,26.385821390849173,0.15625
3372,38.72,8,0.8,0.19999999999999996,0.2638862773054307,-158306.5803107436,-0.002015463751856705,0.002199635227496829,24.595035968673784,26.677367371357622,0.15625
3373,38.73,8,0.8,0.19999999999999996,0.6332828107374223,-158291.27428234063,-0.0023568501156556376,0.0025323970724800185,29.397166267808004,29.58064955788496,0.15625
3374,38.74,8,0.8,0.19999999999999996,0.6229231229107403,-158306.49664222807,-0.0027226519612594076,0.002457658975523652,36.038675042895825,29.423759762840202,0.15625
3375,38.75,8,0.8,0.19999999999999996,0.6320398370368587,-158355.19788873347,-0.0024097547982683313,0.0022254881814066747,32.61734094457573,28.608863832098606,0.15625
3376,38.76,8,0.8,0.19999999999999996,0.3771598248172399,-158263.71531262764,-0.00249280622599396,0.0021885364151993797,30.366547831419897,25.553107841635406,0.15625
3377,38.77,8,0.8,0.19999999999999996,0.20748480043698778,-158366.2346133951,-0.0022906007651765513,0.0020974195911629247,29.80905319921684,26.155089240766525,0.15625
3378,38.78,8,0.8,0.19999999999999996,0.5252548430537015,-158435.83631517037,-0.0024369980176498496,0.0023374779310530577,32.779397794106195,27.49682502091359,0.15625
3379,38.79,9,0.9,0.09999999999999998,0.22286755777510256,-158360.62327252585,-0.002476299349204977,0.00265946473318502,31.963567116291255,32.100850385091675,0.15625
3380,38.8,9,0.9,0.09999999999999998,0.34231969665957096,-158442.3201551376,-0.0024542380320404407,0.002213587784107811,30.006185725168525,28.02223769813248,0.15625
3381,38.81,9,0.9,0.09999999999999998,0.4152290032322172,-158411.48473591922,-0.0026287722277655535,0.0020458111400478976,32.38876444632436,25.952466481940064,0.15625
3382,38.82,9,0.9,0.09999999999999998,0.924767032310646,-158468.29155618552,-0.0022803935406280826,0.002333250855485712,28.998318223709376,28.466100261948625,0.15625
3383,38.83,8,0.8,0.19999999999999996,0.22475695329233544,-158253.2788021197,-0.00223528079934694,0.002604230031774229,29.525321998442898,31.255744876963796,0.15625
3384,38.84,9,0.9,0.09999999999999998,0.8384196602847854,-158540.16501401822,-0.0026252482712554774,0.0022813831155696694,34.4427211332304,28.922484158006657,0.15625
3385,38.85,8,0.8,0.19999999999999996,0.17914397420146724,-158351.9498882394,-0.0025708839712448644,0.002240231628428297,32.07165344849723,29.79965138283002,0.15625
3386,38.86,8,0.8,0.19999999999999996,0.4282424132064446,-158355.5083347614,-0.0024007700167930665,0.002438048017816335,29.51260764234251,32.027871983744575,0.15625
3387,38.87,7,0.7000000000000001,0.29999999999999993,0.6025453512684505,-158253.58765965694,-0.0024631388840486703,0.0021836041339063747,30.944017836252623,26.19372828839223,0.15625
3388,38.88,6,0.6000000000000001,0.3999999999999999,0.5070199783231627,-158309.5310294054,-0.0022177832298214827,0.0022219974324457032,28.582734747214307,25.744850517130406,0.15625
3389,38.89,6,0.6000000000000001,0.3999999999999999,0.5217093153419348,-158248.83267971996,-0.0024899971519766477,0.002391876215452569,32.6402644662618,27.466650074424997,0.15625
3390,38.9,7,0.7000000000000001,0.29999999999999993,0.22020959755160913,-158288.61021734495,-0.002622272483336662,0.0024564575818803074,33.59607865629264,28.075775007615427,0.15625
3391,38.91,6,0.6000000000000001,0.3999999999999999,0.37281038543729617,-158180.65663336028,-0.0022925455684919263,0.0022356873223311367,31.070406186959318,28.436703238836085,0.15625
3392,38.92,5,0.5,0.5,0.45123272482657606,-158167.94283174907,-0.0027034307353452644,0.002240929213573373,33.324117115761844,26.47195200200929,0.15625
3393,38.93,5,0.5,0.5,0.4901560340224317,-158309.21235476108,-0.0023694257296271557,0.0023451460580830403,29.707558817498928,26.314315645786355,0.15625
3394,38.94,6,0.6000000000000001,0.3999999999999999,0.49022892427231524,-158222.0633733424,-0.0020570466277864603,0.0022884780229212934,27.186950370177538,25.93025166007349,0.15625
3395,38.95,4,0.4,0.6,0.08677737482830536,-158147.15446242146,-0.002651512048118787,0.0022976304428032916,32.91616560527848,27.162304512979983,0.15625
3396,38.96,3,0.30000000000000004,0.7,0.4204472147201393,-158212.76987112846,-0.002642161575448351,0.0022614890996971253,33.393988239149145,29.051913037605797,0.15625
3397,38.97,3,0.30000000000000004,0.7,0.580578236068575,-158267.0349529255,-0.0024098780094803747,0.002389374069157198,31.14246957022214,30.125604208383493,0.15625
3398,38.98,2,0.2,0.8,0.8814662418749355,-158215.66328668562,-0.0023777133993196434,0.0022863721091288002,31.86090265265792,25.82606154475656,0.15625
3399,38.99,3,0.30000000000000004,0.7,0.08498193367034969,-158223.70484506292,-0.00212670861931681,0.00233639491501857,28.490622097483065,25.716177033099818,0.15625
3400,39.0,3,0.30000000000000004,0.7,0.41825451338939235,-158270.33908356013,-0.0025684467420623836,0.002349815730539344,33.37016994713672,27.169133617038046,0.15625
3401,39.01,4,0.4,0.6,0.5313549416317215,-158305.23111401754,-0.0026699933127692257,0.002266791068199852,32.84612623808575,27.568589549194527,0.15625
3402,39.02,4,0.4,0.6,0.40302926265537153,-158118.98049188228,-0.0022470754969370426,0.0022654946255554766,29.57824402656972,28.903707419571337,0.15625
3403,39.03,5,0.5,0.5,0.5474369502402685,-158238.14331496757,-0.0023341234765215566,0.002251749500737649,29.24523096498861,24.985452737094253,0.15625
3404,39.04,4,0.4,0.6,0.4505774749161767,-158254.20145783527,-0.002408712523767433,0.002152269598106208,32.473947904614796,25.179613443058322,0.15625
3405,39.05,4,0.4,0.6,0.5200938514745799,-158248.3170909695,-0.0026363789381142594,0.0023150660871578965,34.365108483124715,26.751176374201595,0.15625
3406,39.06,5,0.5,0.5,0.31782945656492234,-158137.69876703018,-0.002676263297520674,0.002468687353000844,34.70305737356405,29.715535628442147,0.15625
3407,39.07,5,0.5,0.5,0.4973977977027663,-158265.4752552318,-0.0023085840876641145,0.0024250321211237253,29.177292428811374,27.91635535303817,0.15625
3408,39.08,4,0.4,0.6,0.3212787928092978,-158229.34839857556,-0.0021566850591506186,0.002107934406913871,27.457829441708345,25.240800408231202,0.15625
3409,39.09,5,0.5,0.5,0.29068991478505696,-158252.42014675765,-0.0025206389241142677,0.002135209022751873,31.39520928880911,25.0881540819027,0.15625
3410,39.1,5,0.5,0.5,0.41372077861578305,-158204.1443070583,-0.002604811928075014,0.0025638544321055974,33.135142210385105,29.12289033945838,0.15625
3411,39.11,4,0.4,0.6,0.49064819236242224,-158227.55700184038,-0.0023503794102236924,0.0024206666956231105,32.232495764831576,28.057889418229387,0.15625
3412,39.12,3,0.30000000000000004,0.7,0.5822700818934509,-158208.2523475861,-0.0025468585249365057,0.0021513686869898013,33.85935534582247,24.899911738113815,0.15625
3413,39.13,6,0.6000000000000001,0.3999999999999999,0.04600261411936012,-158192.6205914383,-0.0023079376947973762,0.0022024753660774754,29.683441160780486,25.658325969721844,0.15625
3414,39.14,5,0.5,0.5,0.32246686190462176,-158252.81626707927,-0.002287838381643915,0.002274229391046628,29.27411776266712,28.544801977022846,0.15625
3415,39.15,6,0.6000000000000001,0.3999999999999999,0.5403718971707675,-158226.44553809214,-0.0027924115804700707,0.0023749396581291445,32.902628511418804,28.248514663964105,0.15625
3416,39.16,6,0.6000000000000001,0.3999999999999999,0.5053944562361227,-158233.0680923358,-0.002376635472247339,0.002336229036281722,31.492536622572874,27.904480522517694,0.15625
3417,39.17,7,0.7000000000000001,0.29999999999999993,0.45533589363177607,-158254.84165694946,-0.0022316208642447996,0.0023650404086696065,28.77559939691296,26.674224335887168,0.15625
3418,39.18,7,0.7000000000000001,0.29999999999999993,0.6397347188982841,-158203.39646723698,-0.0023912003035490787,0.002228814968012695,30.916612050937147,26.145231130617823,0.15625
3419,39.19,6,0.6000000000000001,0.3999999999999999,0.4213567059354029,-158284.3573810146,-0.002449007706280714,0.0021668319529216194,32.68593727000838,28.233688503051734,0.15625
3420,39.2,6,0.6000000000000001,0.3999999999999999,0.43093300038480725,-158193.12659535985,-0.002918793311472525,0.0022513159283248417,36.989985352335005,27.116395426988674,0.15625
3421,39.21,5,0.5,0.5,0.3553501770826528,-158210.76455768195,-0.002233135642391492,0.0025169130431937125,30.019328157927635,29.325145680384075,0.15625
3422,39.22,4,0.4,0.6,0.5343265694617346,-158165.39595259627,-0.0020670251306137656,0.0023320641222491657,27.346358547309894,25.567186232265858,0.15625
3423,39.23,4,0.4,0.6,0.16150489740570842,-158199.8574714166,-0.0024629614767903724,0.002271332930342303,28.77864217555471,25.035352899279474,0.15625
3424,39.24,4,0.4,0.6,0.21409919144194475,-158200.66269480623,-0.0025554225771077656,0.0019631998272319376,32.517729978264626,25.691945469795183,0.15625
3425,39.25,5,0.5,0.5,0.34574513400022494,-158089.3948448011,-0.002525485749237877,0.0023106447947330955,30.695043973125006,28.77923618674404,0.15625
3426,39.26,4,0.4,0.6,0.451589932909219,-158152.7315297596,-0.002366781119950621,0.0027099824766317164,31.29507348303369,30.811545213276712,0.15625
3427,39.27,3,0.30000000000000004,0.7,0.7155316190315938,-158210.3332819505,-0.0022767219390636764,0.0023077349868790686,29.561139947126108,26.294624624917883,0.15625
3428,39.28,3,0.30000000000000004,0.7,0.7345207945096939,-158098.91036838767,-0.00274735064033954,0.0017867867715790813,34.73024664843664,20.011013364474692,0.15625
3429,39.29,3,0.30000000000000004,0.7,0.4186041820556101,-158207.9607042214,-0.0023610059958518695,0.002243716852191699,30.035503489286036,26.63189497004848,0.15625
3430,39.3,3,0.30000000000000004,0.7,0.6077819947741703,-158162.9137260936,-0.0024851541439304065,0.0026589311742642122,32.552474280646436,33.005428013288636,0.15625
3431,39.31,2,0.2,0.8,0.9489900815449361,-158148.3763053816,-0.0027024255839621166,0.0023148579667604716,33.65370336008195,26.99148140122446,0.15625
3432,39.32,3,0.30000000000000004,0.7,0.01701419095718457,-158148.72367002978,-0.0022030191715478645,0.0019340472634721156,30.16235986482644,24.02150736717431,0.15625
3433,39.33,3,0.30000000000000004,0.7,0.5509407460206838,-158039.3237127373,-0.0022306364698555107,0.0020948681741770323,28.280586311540763,22.840472544210577,0.15625
3434,39.34,2,0.2,0.8,0.8898976556334622,-158141.7993936638,-0.002510899441120567,0.0022954881257509713,32.43126227128483,27.31597806833776,0.15625
3435,39.35,2,0.2,0.8,0.6784461091082782,-158167.63826360783,-0.002411066157228548,0.0024895852577216894,32.891410715391494,30.255851101213953,0.15625
3436,39.36,3,0.30000000000000004,0.7,0.5052516171734541,-158178.2264784401,-0.00248387846459829,0.00270669042629794,29.82817466732097,32.111200153732085,0.15625
3437,39.37,3,0.30000000000000004,0.7,0.6117861182140384,-158087.9454231126,-0.0024117120671542976,0.00216273966193041,30.018204149854682,26.478576929456768,0.15625
3438,39.38,4,0.4,0.6,0.30876382464273777,-158186.59454838472,-0.002376122146499492,0.0017980236002986436,29.620237814924607,21.934220713153856,0.15625
3439,39.39,4,0.4,0.6,0.5474125898187456,-158136.35783071964,-0.002579035416507383,0.002094937402007575,31.83954872809508,23.652245013118407,0.15625
3440,39.4,4,0.4,0.6,0.29338125902626805,-158155.12597488548,-0.0025469834362571216,0.0023720492117828176,36.08227435806866,27.95748341295296,0.15625
3441,39.41,6,0.6000000000000001,0.3999999999999999,0.03841178576165252,-158118.19135833194,-0.0024299043619809882,0.0025078580437686215,30.694955172166758,28.452991751999985,0.15625
3442,39.42,4,0.4,0.6,0.13423344783612437,-158160.6305942467,-0.002332482457505844,0.002383907220220553,29.828977503969195,29.42992398210293,0.15625
3443,39.43,3,0.30000000000000004,0.7,0.5599188217657105,-158089.37661580057,-0.002529273946986063,0.0022529136523242285,28.788036643139744,26.923615458729824,0.15625
3444,39.44,2,0.2,0.8,0.9370319316139873,-158130.2804673374,-0.0024544415150441826,0.002081369255329343,30.596920565689462,23.83691282167577,0.15625
3445,39.45,2,0.2,0.8,0.9717718485266946,-158142.82680516783,-0.0022286386904384237,0.002254606889095393,31.719666702252123,26.11788366463738,0.15625
3446,39.46,3,0.30000000000000004,0.7,0.07434151036019361,-158174.38161089877,-0.0027293324721275373,0.00245195113331546,37.514876249378,27.69919041506145,0.15625
3447,39.47,2,0.2,0.8,0.7422960209480514,-158057.37791457985,-0.0023066204925730376,0.0024301205126093274,31.221175553586363,29.11993244909385,0.15625
3448,39.48,2,0.2,0.8,0.9302950397913706,-158231.16150530343,-0.0022785700762767754,0.0020055107306652014,30.589493938027218,25.031784916690384,0.15625
3449,39.49,2,0.2,0.8,0.8058754844111728,-158111.0118898495,-0.0023982639751494016,0.0020362600417465505,27.9349055695238,23.915587935276502,0.15625
3450,39.5,3,0.30000000000000004,0.7,0.4443420622490665,-158173.01235986908,-0.002179983691398266,0.0023143206264077494,27.446488081750473,29.32744669995709,0.15625
3451,39.51,5,0.5,0.5,0.261618703686889,-158232.57723979966,-0.0028972916638843925,0.002445553961203038,34.88547275754662,28.18088292467107,0.15625
3452,39.52,5,0.5,0.5,0.5370837477009212,-158169.3277320139,-0.0026558889314440837,0.002407513893342654,34.160734107292384,27.40639533162652,0.15625
3453,39.53,4,0.4,0.6,0.19654671540629054,-158129.80908085097,-0.0021493250311092494,0.002083398763029486,29.80280933457721,23.45306472950804,0.15625
3454,39.54,4,0.4,0.6,0.5250308302542485,-158137.7372387762,-0.00258502803003546,0.0022154083982538603,31.9292861104478,24.180848989153564,0.15625
3455,39.55,5,0.5,0.5,0.3676608188447592,-158127.10898389164,-0.0024745440126942735,0.0024206472378862144,31.176165232342626,28.880857001421653,0.15625
3456,39.56,6,0.6000000000000001,0.3999999999999999,0.46891626589585206,-158217.1449729807,-0.002260345802789018,0.0023325409187970863,29.456863647290177,30.13736421117978,0.15625
3457,39.57,7,0.7000000000000001,0.29999999999999993,0.4234473936013106,-158246.56374339038,-0.002599884652251979,0.0024587563460504126,30.30274759784961,28.917337138408637,0.15625
3458,39.58,7,0.7000000000000001,0.29999999999999993,0.3685764388428614,-158206.751309635,-0.00228873240704364,0.002129409387657849,30.15852446512149,26.428193756076453,0.15625
3459,39.59,8,0.8,0.19999999999999996,0.6469434625974374,-158237.2469616934,-0.00240932934827362,0.0020995449795745114,32.14886536202523,24.66238939382089,0.15625
3460,39.6,9,0.9,0.09999999999999998,0.15895035958947393,-158412.85224897775,-0.002517536978011898,0.002321066370581547,33.19946482083681,27.06276082152786,0.15625
3461,39.61,8,0.8,0.19999999999999996,0.4307706770972063,-158272.20347285285,-0.002339960354717455,0.002544289947103142,29.858548110015096,32.039327247008565,0.15625
3462,39.62,7,0.7000000000000001,0.29999999999999993,0.14178358458344079,-158197.56013712302,-0.0027199134357107934,0.0022888001604935183,31.227289627306934,28.40792891221541,0.15625
3463,39.63,8,0.8,0.19999999999999996,0.41541797862770746,-158266.7045261614,-0.0024570667382460866,0.0021081895769098262,31.21944411643549,27.138310484032157,0.15625
3464,39.64,6,0.6000000000000001,0.3999999999999999,0.5302886926483568,-158196.27288104958,-0.0022887560989715027,0.002512561658071964,30.279086131027903,28.086373947335378,0.15625
3465,39.65,6,0.6000000000000001,0.3999999999999999,0.38001738548997044,-158189.76931959816,-0.0023225670943398586,0.0025013310310048843,32.130887511465545,27.783664568932437,0.15625
3466,39.66,6,0.6000000000000001,0.3999999999999999,0.43007850950137977,-158179.7194964282,-0.0025148598395163453,0.0022316144653425195,33.079837403077775,25.8958474361072,0.15625
3467,39.67,4,0.4,0.6,0.02227748351518397,-158151.6096493514,-0.002564319277733956,0.002133374451322938,31.237725169609913,27.745127109258572,0.15625
3468,39.68,5,0.5,0.5,0.3878103162179721,-158150.91804773142,-0.0025916764053271735,0.00217758382343507,30.463228987617033,26.21332588779072,0.15625
3469,39.69,4,0.4,0.6,0.36794700028126587,-158152.1471793148,-0.0021443071911995725,0.002289322243849658,28.70959779822431,27.913751550976663,0.15625
3470,39.7,4,0.4,0.6,0.22058332665535368,-158278.23675112167,-0.002508295000156693,0.0022572304903397703,33.43517917118256,23.825575030088594,0.15625
3471,39.71,4,0.4,0.6,0.41491081627584747,-158168.5569477654,-0.002580059926134018,0.0025349766813425384,34.87636252012293,28.260160788954984,0.15625
3472,39.72,4,0.4,0.6,0.3632922576987169,-158222.2859177494,-0.0024795034216292646,0.0024993354107293677,31.39589678206016,28.224660249611212,0.15625
3473,39.73,4,0.4,0.6,0.15950551209268263,-158132.8725808749,-0.0024769898431793377,0.0021998775673309117,31.07850688341194,27.611071876214705,0.15625
3474,39.74,5,0.5,0.5,0.5957027521971898,-158141.0729285025,-0.00242194214063363,0.002113056483322944,30.03321139320367,25.389750842976508,0.15625
3475,39.75,3,0.30000000000000004,0.7,0.5289689658265588,-158082.46049303675,-0.0022996819165218485,0.0025075677508761456,29.835167989260263,29.79460873432926,0.15625
3476,39.76,2,0.2,0.8,0.5360878996386117,-158120.80064729028,-0.0023480288231974363,0.0022708723836069524,30.26231216531935,26.57756695946058,0.15625
3477,39.77,2,0.2,0.8,0.6285961118710657,-158223.65888619173,-0.002521542724451675,0.0021041714244304692,33.780354731154326,25.884604160887452,0.15625
3478,39.78,2,0.2,0.8,0.801810454215625,-158138.23995997326,-0.002537516253755409,0.002327830878689047,31.237737448268547,26.883126312462252,0.15625
3479,39.79,2,0.2,0.8,0.8234439989587278,-158141.45428642823,-0.0023336806428786183,0.002236701920368306,30.95048379804828,27.345190891407324,0.15625
3480,39.8,3,0.30000000000000004,0.7,0.5744507619084003,-158163.33310991136,-0.002517738607182037,0.0024430808841488117,31.321250213689208,28.670249356197267,0.15625
3481,39.81,4,0.4,0.6,0.06622300363265249,-158164.62161651958,-0.0024072046146505137,0.0022550752586388357,31.323391273289726,26.59422544267131,0.15625
3482,39.82,3,0.30000000000000004,0.7,0.3145291743856555,-158137.90234740745,-0.0024519610929684887,0.0021812883940834082,32.75657916308404,25.69309201874486,0.15625
3483,39.83,4,0.4,0.6,0.23449749025605393,-158082.9574615697,-0.0023259522364520186,0.0024452360499979866,29.431098947217546,27.59362442901334,0.15625
3484,39.84,5,0.5,0.5,0.3901146481644776,-158275.0155644519,-0.0022644560765165056,0.0022804993388238566,29.345315447872554,27.609214796933646,0.15625
3485,39.85,5,0.5,0.5,0.5215333977505489,-158097.4886961713,-0.0025941062002415587,0.0021293334819772244,31.63927106032,26.385434780905005,0.15625
3486,39.86,3,0.30000000000000004,0.7,0.11427602110540641,-158161.4289988516,-0.002452483544847093,0.002307886339199181,31.447258753128754,28.652163005892017,0.15625
3487,39.87,3,0.30000000000000004,0.7,0.4169929618168264,-158187.94099684127,-0.002411788584681168,0.002378936927332956,30.187479802316425,26.8397421406541,0.15625
3488,39.88,3,0.30000000000000004,0.7,0.7192208625492038,-158150.89998873207,-0.0026898268293127636,0.002145830644667527,34.077819391351625,23.755810224218706,0.15625
3489,39.89,4,0.4,0.6,0.2742897022934536,-158233.5126320695,-0.002421764803361308,0.0022357229826454545,30.604279929591122,25.994962465163404,0.15625
3490,39.9,7,0.7000000000000001,0.29999999999999993,0.2369259317397488,-158260.859868487,-0.0023819985595838066,0.0023884064143377117,30.28772527929993,28.54444273978072,0.15625
3491,39.91,7,0.7000000000000001,0.29999999999999993,0.584619178574584,-158297.3970232586,-0.002447737044747362,0.0023533180502922865,30.385177761958683,29.11328992078291,0.15625
3492,39.92,8,0.8,0.19999999999999996,0.539866741176115,-158281.6633723506,-0.0024251908513670327,0.002271966767294221,31.59699341684691,28.373289052992252,0.15625
3493,39.93,9,0.9,0.09999999999999998,0.6542490893405032,-158404.52002768934,-0.0022940267165007205,0.002478780045241412,30.088673610831652,31.847364277468124,0.15625
3494,39.94,9,0.9,0.09999999999999998,0.9697734773015482,-158324.94948946612,-0.0024618286083183034,0.0021557902915795312,31.04417868476371,27.767406088960854,0.15625
3495,39.95,9,0.9,0.09999999999999998,0.9939498008806733,-158369.8655436513,-0.002308371000669112,0.002286157132750542,28.274658914660574,30.93772278265202,0.15625
3496,39.96,9,0.9,0.09999999999999998,0.9218857276278415,-158293.64789354624,-0.0023504003757989036,0.0024634698169889967,28.492045195023056,32.35011508650553,0.15625
3497,39.97,9,0.9,0.09999999999999998,0.978837592477895,-158497.3907297966,-0.0025922660671530914,0.002297230815171255,33.25564351540137,29.22484092036011,0.15625
3498,39.98,8,0.8,0.19999999999999996,0.10761922382937007,-158249.3178735277,-0.002504367728896939,0.0022151445228268045,33.906691341891964,27.247324026633024,0.15625
3499,39.99,8,0.8,0.19999999999999996,0.602091727335669,-158338.93107327976,-0.002469530324388843,0.0024103172425995524,31.31920005763117,26.6441858718964,0.15625
3500,40.0,9,0.9,0.09999999999999998,0.11459861229406766,-158537.4094096025,-0.0024525516335136078,0.0023429187585891423,31.37325015478825,28.037042613673822,0.15625
3501,40.01,8,0.8,0.19999999999999996,0.60056331891104,-158263.63149181203,-0.0024652586106908903,0.0021836240938648923,30.35256067103086,26.199659551052754,0.15625
3502,40.02,7,0.7000000000000001,0.29999999999999993,0.6116954562343216,-158268.6329402774,-0.0025509247797330186,0.0022178529035166844,33.16903846502463,29.51052433207485,0.15625
3503,40.03,7,0.7000000000000001,0.29999999999999993,0.4202526432802759,-158267.63128219734,-0.002569549461213646,0.00234847640293175,32.74780172518037,28.248434498408404,0.15625
3504,40.04,7,0.7000000000000001,0.29999999999999993,0.5231380099275718,-158230.16529936116,-0.0022896312563848225,0.0022423243490300635,31.896421044074742,26.787559141861554,0.15625
3505,40.05,6,0.6000000000000001,0.3999999999999999,0.5642781252935344,-158251.76250911123,-0.002283400872866301,0.002404580057854536,28.384016633723217,26.997861578089324,0.15625
3506,40.06,4,0.4,0.6,0.16591354396977354,-158146.976349784,-0.0023668771323780797,0.0023130471368253665,29.1664776231938,27.643831545489476,0.15625
3507,40.07,5,0.5,0.5,0.43726964819927594,-158083.25168252905,-0.002444761100868439,0.0023061006581096668,28.89958197026344,29.00565118563053,0.15625
3508,40.08,3,0.30000000000000004,0.7,0.4929790549020806,-158162.9859350833,-0.0025719953324516843,0.0022707455293112895,32.924363787819445,27.80250374165169,0.15625
3509,40.09,5,0.5,0.5,0.5802055554956806,-158218.999346836,-0.00247400967373022,0.002290327743892741,33.935517961817375,27.00711005300162,0.15625
3510,40.1,5,0.5,0.5,0.5441871104532034,-158146.16821008772,-0.0023828545062717353,0.002159500275401476,32.64897519285673,24.306787267640622,0.15625
3511,40.11,5,0.5,0.5,0.43090323149998233,-158169.61514133454,-0.0025872997861424493,0.0024490181470828215,32.46183170272964,26.640417212838674,0.15625
3512,40.12,5,0.5,0.5,0.35471376256398457,-158170.7969507763,-0.0025869215804758894,0.002262502617413617,30.676722646211267,25.992017217009103,0.15625
3513,40.13,5,0.5,0.5,0.40282344649267254,-158096.31588917194,-0.0023526926483492237,0.001960979627661133,30.92231706633291,25.72236482984166,0.15625
3514,40.14,6,0.6000000000000001,0.3999999999999999,0.6423892660948822,-158198.41503854937,-0.002451678493178932,0.0025679607859726665,29.513736098468268,29.77363119147983,0.15625
3515,40.15,6,0.6000000000000001,0.3999999999999999,0.5920584460160518,-158205.10615568227,-0.00232241564850833,0.0026016262276852458,31.04490973781478,30.94348857307736,0.15625
3516,40.16,6,0.6000000000000001,0.3999999999999999,0.29950460716310906,-158185.50365117623,-0.002462174235587739,0.001972459693383232,32.78323442773345,24.00220669483794,0.15625
3517,40.17,7,0.7000000000000001,0.29999999999999993,0.5167719517205979,-158156.34024553874,-0.002525474783902183,0.0020250032706375562,32.64910260673893,24.482115308156374,0.15625
3518,40.18,7,0.7000000000000001,0.29999999999999993,0.56389343551022,-158252.65468839058,-0.0023140996295608787,0.002549668851906808,28.044090325979987,27.72143264809472,0.15625
3519,40.19,6,0.6000000000000001,0.3999999999999999,0.5080750217299925,-158215.73799603403,-0.002426512214054018,0.002243343093668299,32.921914465751456,28.356012162983166,0.15625
3520,40.2,5,0.5,0.5,0.4335089159561662,-158171.26059712787,-0.002593167756415895,0.002203510769300151,32.28244592680635,27.13041317752834,0.15625
3521,40.21,6,0.6000000000000001,0.3999999999999999,0.43797036763972835,-158191.609995568,-0.0024260288599235917,0.002400941062166145,30.402317889591743,28.48500450832823,0.15625
3522,40.22,6,0.6000000000000001,0.3999999999999999,0.4061355340789092,-158202.48468552157,-0.0022163565685507395,0.0023743914182090464,27.676893579357724,25.983244300904524,0.15625
3523,40.23,6,0.6000000000000001,0.3999999999999999,0.4611846384456856,-158220.8151429078,-0.0024592906709277073,0.002057532131680095,34.05564515160104,24.96362340722432,0.15625
3524,40.24,7,0.7000000000000001,0.29999999999999993,0.5034829215415589,-158222.94314222079,-0.0027241735173994547,0.002313840068721776,34.06776317151756,27.458481297765545,0.15625
3525,40.25,7,0.7000000000000001,0.29999999999999993,0.4739292381040097,-158290.30616591536,-0.002455046506483195,0.002599030517253309,31.40260474824214,31.45182910446436,0.15625
3526,40.26,7,0.7000000000000001,0.29999999999999993,0.16020248305025414,-158168.25841685134,-0.0022160326864015607,0.002355645739247277,27.732201736773824,29.071840464647835,0.15625
3527,40.27,7,0.7000000000000001,0.29999999999999993,0.3092985416817346,-158317.03325096454,-0.0025080172657378492,0.0018089633113111698,30.392630224734933,21.835167658523368,0.15625
3528,40.28,8,0.8,0.19999999999999996,0.29727012281566895,-158286.57776397062,-0.0024702305494139097,0.002159561930914499,31.52632729677231,25.43709131297535,0.15625
3529,40.29,7,0.7000000000000001,0.29999999999999993,0.27634138424066973,-158159.49263520644,-0.0025526821732812276,0.0025160393711044934,33.71782877864936,27.952746719877698,0.15625
3530,40.3,6,0.6000000000000001,0.3999999999999999,0.42123513654137673,-158273.87855055282,-0.002488261511636649,0.002337043659336938,33.78301989687867,28.99346467189387,0.15625
3531,40.31,5,0.5,0.5,0.44750267467282484,-158168.47809396958,-0.0024628602470119555,0.0022517016327958687,31.546171663770213,28.05658637117695,0.15625
3532,40.32,4,0.4,0.6,0.09708995770065798,-158169.82431077884,-0.0022370213681921344,0.0024052811639559447,27.833065960938583,29.515072469722725,0.15625
3533,40.33,2,0.2,0.8,0.21098330114530128,-158211.10555303373,-0.0022549844247708,0.0023198630199843745,27.169273437521294,25.6437442683518,0.15625
3534,40.34,2,0.2,0.8,0.4864898905917744,-158213.3101384168,-0.002462975885910192,0.002146564797980623,32.83749902538463,25.49496172643075,0.15625
3535,40.35,2,0.2,0.8,0.7146067439357682,-158071.24797506456,-0.002658836825965345,0.0022532147379316627,34.30845459859445,25.705670648606382,0.15625
3536,40.36,2,0.2,0.8,0.8952616682632527,-158070.2850917008,-0.0023925056756303954,0.0022476931442519887,34.66316821448858,28.778778791376425,0.15625
3537,40.37,2,0.2,0.8,0.8915928207594764,-158184.4173695441,-0.0023641956662392785,0.0022456119843181797,30.497530317006976,26.224202871785558,0.15625
3538,40.38,3,0.30000000000000004,0.7,0.5985915650419472,-158081.92754101448,-0.0024458271312443767,0.0023005680471115788,31.042383181540348,27.698183209962455,0.15625
3539,40.39,4,0.4,0.6,0.3621823486375387,-158201.17214883637,-0.0024570552186290286,0.0025807395698433746,28.209651117178442,29.677685725093582,0.15625
3540,40.4,3,0.30000000000000004,0.7,0.18934880190366662,-158161.15649545862,-0.002383442770108932,0.0021128237197594077,31.3048498138897,25.694930807863418,0.15625
3541,40.41,4,0.4,0.6,0.3987471590124986,-158146.12631983904,-0.0023447962356964967,0.002250165300845885,31.37476090092138,26.40943052731332,0.15625
3542,40.42,5,0.5,0.5,0.5604024714220628,-158123.70495077234,-0.0024835616722876045,0.0022810057431983145,33.73019122613777,25.763742099390985,0.15625
3543,40.43,5,0.5,0.5,0.4575965373925674,-158139.42969387482,-0.0024161077062530172,0.0023843330877314486,31.88587699436245,27.336643452197457,0.15625
3544,40.44,8,0.8,0.19999999999999996,0.15705342366769495,-158431.77932064352,-0.0023800213246752628,0.002471852236769716,29.873316951455244,29.0154866418302,0.15625
3545,40.45,8,0.8,0.19999999999999996,0.6430677673373089,-158226.81408397914,-0.002512167131638541,0.002248405247711772,30.792727860088483,26.731200654955817,0.15625
3546,40.46,8,0.8,0.19999999999999996,0.5668251647011575,-158183.68154684993,-0.002491803615910729,0.0022604451111786885,31.63164504203034,27.279344657229256,0.15625
3547,40.47,8,0.8,0.19999999999999996,0.5725793506742402,-158322.3837596211,-0.0023577965521737257,0.002117762769783802,31.046915905602603,26.634847491196208,0.15625
3548,40.48,9,0.9,0.09999999999999998,0.4794602797962506,-158379.14202598878,-0.0024379757696121203,0.0022080387728830807,31.65059377904815,27.943247831003998,0.15625
3549,40.49,9,0.9,0.09999999999999998,0.9475140662525161,-158361.86372448446,-0.0024868605294148666,0.002519053403697319,32.55173857636296,31.866989672477764,0.15625
3550,40.5,9,0.9,0.09999999999999998,0.890363129921408,-158338.26399153293,-0.0025208417136395847,0.0026029434791741473,30.83433182243686,32.44366662814415,0.15625
3551,40.51,9,0.9,0.09999999999999998,0.6464862388864369,-158358.38157700223,-0.0024663589640672476,0.0022370538846690343,29.9999177363609,28.0702149279234,0.15625
3552,40.52,9,0.9,0.09999999999999998,0.9961755456432769,-158338.5624298733,-0.002233068292463337,0.0020738470468810843,28.501630999248523,26.001499881856663,0.15625
3553,40.53,9,0.9,0.09999999999999998,0.7912006776309256,-158336.2791928115,-0.0023839161804539246,0.002455695931531639,32.57530185809891,30.734259303957348,0.15625
3554,40.54,9,0.9,0.09999999999999998,0.9424538471718489,-158385.3900552847,-0.0023800470917241363,0.002391553468126151,31.018115472590146,31.08741690880107,0.15625
3555,40.55,9,0.9,0.09999999999999998,0.9609063991384731,-158290.66733213043,-0.0025632989969127176,0.0021587247618870212,32.63385163544618,29.718539894279136,0.15625
3556,40.56,9,0.9,0.09999999999999998,0.8010795371987602,-158305.57728321117,-0.0026654863560368687,0.002361593368762901,31.49820163989804,29.402791197648124,0.15625
3557,40.57,8,0.8,0.19999999999999996,0.649748122810243,-158214.49292786804,-0.002399950222037337,0.0023473057550067507,32.6995376442713,28.69810599534047,0.15625
3558,40.58,8,0.8,0.19999999999999996,0.45605664652668515,-158243.21106196224,-0.0022612628968533242,0.0023734449069944498,28.532872376998736,25.88947041545473,0.15625
3559,40.59,7,0.7000000000000001,0.29999999999999993,0.6001613505030254,-158187.55304040667,-0.002397444210400339,0.0021513765445602567,31.44593422490919,26.013145640100394,0.15625
3560,40.6,7,0.7000000000000001,0.29999999999999993,0.5450340338258223,-158216.95455292953,-0.002530295745734133,0.0022884137882417236,31.329648463868384,26.75881546177066,0.15625
3561,40.61,6,0.6000000000000001,0.3999999999999999,0.4339703939964418,-158100.57984857901,-0.002572091317276999,0.002429753830481662,34.92423351833214,30.86388172554473,0.15625
3562,40.62,6,0.6000000000000001,0.3999999999999999,0.5400403742289177,-158225.63693877784,-0.0023751242658092246,0.0024686821434686127,30.89032952930425,28.586891857327902,0.15625
3563,40.63,7,0.7000000000000001,0.29999999999999993,0.09269693261536216,-158192.97128720832,-0.002268575122184947,0.0023743742218673832,28.813095245169997,27.649665569990717,0.15625
3564,40.64,7,0.7000000000000001,0.29999999999999993,0.4392265105632004,-158154.92179889596,-0.0023280811902674624,0.002053136325852595,28.81429883146932,23.511619664350974,0.15625
3565,40.65,6,0.6000000000000001,0.3999999999999999,0.5374946969451881,-158218.6206923092,-0.0024691172309537737,0.002247703330292822,31.50156994977186,28.02839412427824,0.15625
3566,40.66,5,0.5,0.5,0.4144704381494738,-158163.78821461217,-0.0026998123477638015,0.002291794842351233,34.039430599631295,28.14641019490441,0.15625
3567,40.67,7,0.7000000000000001,0.29999999999999993,0.04085378516483547,-158183.70576614852,-0.0024608921929033653,0.002271542621923079,32.707489825437314,28.38999205101157,0.15625
3568,40.68,6,0.6000000000000001,0.3999999999999999,0.4221517159890914,-158117.89350513584,-0.0022793173061496446,0.0024426526403583913,29.503263821885437,27.72842266789984,0.15625
3569,40.69,8,0.8,0.19999999999999996,0.2957009877568503,-158324.4122355192,-0.0022607735571334043,0.002470889898552084,27.896712341404477,27.316185323389806,0.15625
3570,40.7,7,0.7000000000000001,0.29999999999999993,0.5060169474331471,-158219.83661539308,-0.002587581274675921,0.002052413684379247,33.10043142594067,25.385602583480395,0.15625
3571,40.71,8,0.8,0.19999999999999996,0.7096240722384181,-158261.37104775442,-0.0026340691207857414,0.0021280350758445914,33.68549094691545,26.4791836246731,0.15625
3572,40.72,6,0.6000000000000001,0.3999999999999999,0.26094505244234173,-158125.82007323913,-0.0023784444218585663,0.002407537847627644,31.855666837647988,30.106130717336846,0.15625
3573,40.73,4,0.4,0.6,0.23726055099639304,-158109.66640565303,-0.0024223322869237553,0.002545640234845192,29.841033356073225,27.923921157496043,0.15625
3574,40.74,4,0.4,0.6,0.2772121139122642,-158185.86989338524,-0.002333516909501725,0.002032747065672711,32.00961634133129,24.968682388166204,0.15625
3575,40.75,5,0.5,0.5,0.3203123220204584,-158133.05577823086,-0.002455682649848196,0.002190291186406369,30.122705990351058,24.79777879518779,0.15625
3576,40.76,4,0.4,0.6,0.236241170906785,-158234.54183178756,-0.0024721361060119824,0.0026255777057901898,31.327565561412193,31.544659575352288,0.15625
3577,40.77,3,0.30000000000000004,0.7,0.5554025884945335,-158053.4796136594,-0.0024516408169333245,0.002123354262876592,31.63276242654212,25.430605855190233,0.15625
3578,40.78,3,0.30000000000000004,0.7,0.34261559853710444,-158150.82868055228,-0.002470968918526367,0.0020364424955666076,32.64762579894227,24.34199337186454,0.15625
3579,40.79,2,0.2,0.8,0.2092173024497363,-158085.01891869376,-0.002355057099917607,0.0025897628539846194,29.85392684666244,27.43732554890894,0.15625
3580,40.8,3,0.30000000000000004,0.7,0.2332390708727535,-158144.16737282876,-0.002428052946978014,0.0025468050591842687,31.36914349281755,30.257674665795232,0.15625
3581,40.81,2,0.2,0.8,0.48723045222430184,-158131.08036141843,-0.002717977453372037,0.0021122783083564814,32.7308341834411,26.68260594416402,0.15625
3582,40.82,2,0.2,0.8,0.9018345782601772,-158154.1749914724,-0.0024231857605811788,0.002129752520654846,31.883223929135966,27.664518060636176,0.15625
3583,40.83,2,0.2,0.8,0.796402557429568,-158152.35121883382,-0.002033443805574776,0.002327957697441811,27.849091866615385,26.936185730793103,0.15625
3584,40.84,2,0.2,0.8,0.907056862348711,-158229.08941263965,-0.002338006836802871,0.002355899139867448,31.568048290130452,27.20319450628275,0.15625
3585,40.85,2,0.2,0.8,0.9622149886922495,-158080.33744304202,-0.002749797100704468,0.002375212543206376,35.476798884072835,27.524034947250346,0.15625
3586,40.86,3,0.30000000000000004,0.7,0.4498004294770481,-158229.92359062965,-0.00249158558321911,0.002147387073552499,34.516545674288594,25.921531925892356,0.15625
3587,40.87,3,0.30000000000000004,0.7,0.27866733735176175,-158143.77362137852,-0.0021338487928373893,0.002451883894496557,27.992591721878274,28.571510544697134,0.15625
3588,40.88,4,0.4,0.6,0.4394608250032775,-158193.6479071807,-0.0023043517964449253,0.0023348973533185687,28.51497156131133,26.474356453777613,0.15625
3589,40.89,5,0.5,0.5,0.3810974277618243,-158116.3930041213,-0.0025295182200464218,0.0022021338314289086,29.64413120408047,27.07565366915431,0.15625
3590,40.9,6,0.6000000000000001,0.3999999999999999,0.3831923759264023,-158181.43557297008,-0.0028665909843440312,0.0023878724150681718,33.648859138109096,28.549847612644225,0.15625
3591,40.91,7,0.7000000000000001,0.29999999999999993,0.23398185765536142,-158239.23559248686,-0.0024811247088463943,0.0023625271337898673,33.70647878673697,27.97078661950329,0.15625
3592,40.92,8,0.8,0.19999999999999996,0.23635505122733205,-158215.07327198377,-0.0020901822185165706,0.0022245056602510725,29.519257661339513,24.526809875337708,0.15625
3593,40.93,6,0.6000000000000001,0.3999999999999999,0.039579880184971765,-158212.9601678662,-0.002385337707558764,0.0021844280290596865,32.47666625291132,26.03893003803352,0.15625
3594,40.94,8,0.8,0.19999999999999996,0.6110128930812623,-158225.88745133756,-0.0027050728739523916,0.002271902633895903,31.6682851392343,27.74993112547152,0.15625
3595,40.95,8,0.8,0.19999999999999996,0.5279602715775807,-158211.03715702903,-0.002430177208199006,0.0022510199602467393,30.15608412300906,29.751594817030046,0.15625
3596,40.96,9,0.9,0.09999999999999998,0.9198104619221018,-158339.89557479508,-0.0024412478638209095,0.0025822531057660292,30.243997717044582,30.62201636131697,0.15625
3597,40.97,8,0.8,0.19999999999999996,0.6113666716173348,-158273.61949031064,-0.002335074843552461,0.0024122028382091596,32.813824422950255,29.09178435330912,0.15625
3598,40.98,6,0.6000000000000001,0.3999999999999999,0.031280213192314936,-158153.1251689867,-0.002267905024276158,0.0020762005067266015,29.572442848166556,25.890487518777864,0.15625
3599,40.99,7,0.7000000000000001,0.29999999999999993,0.4098098084453945,-158204.06328910767,-0.0026647354750055914,0.0022696479416884786,32.92887885871079,28.383086644590257,0.15625
3600,41.0,5,0.5,0.5,0.04671800737603093,-158095.9779728147,-0.002555424468547926,0.002356517623672908,31.299906315834072,27.655126630421197,0.15625
3601,41.01,4,0.4,0.6,0.3365439274878919,-158093.3213469688,-0.0022782435798364142,0.0022415122258419296,31.338456041311257,25.92869142318147,0.15625
3602,41.02,2,0.2,0.8,0.3519700479117785,-158159.5384675197,-0.0023087466052180575,0.0024856046571318834,30.660332606858145,28.28776212034179,0.15625
3603,41.03,2,0.2,0.8,0.9186812795598227,-158194.7055786904,-0.002652339067357684,0.002165273147815623,32.97716225150337,25.802949484185156,0.15625
3604,41.04,2,0.2,0.8,0.9282062289990003,-158050.05351991436,-0.0026289964039013193,0.0022795299795125242,33.702197655908094,28.26237646132618,0.15625
3605,41.05,3,0.30000000000000004,0.7,0.6024181086818888,-158139.6124265881,-0.0025053768930747406,0.0023498517447920605,31.874243842681793,27.722703875871655,0.15625
3606,41.06,3,0.30000000000000004,0.7,0.5553028275953225,-158170.46814261773,-0.0021772805022420294,0.002079209610760135,30.235996256092452,25.42649016829932,0.15625
3607,41.07,2,0.2,0.8,0.7123514530742774,-158200.83529223144,-0.0022832028530479563,0.0022436642308823126,29.726288426347466,26.18042473961223,0.15625
3608,41.08,2,0.2,0.8,0.8016969331491084,-158173.74384859277,-0.0026138817297523148,0.0022871948061452653,33.20569804418751,27.40420107580446,0.15625
3609,41.09,2,0.2,0.8,0.8131156745400635,-158069.84998809136,-0.002499884586877655,0.002428255205104355,31.883955050460415,28.886252383319825,0.15625
3610,41.1,2,0.2,0.8,0.9506346600152428,-158230.14552172815,-0.002351788823815825,0.0023456029615852108,32.15149579395126,28.019104110559976,0.15625
3611,41.11,2,0.2,0.8,0.032035856734959095,-158126.7243101732,-0.002442802282856596,0.002268729068824307,31.06472432741543,26.062669374294906,0.15625
3612,41.12,3,0.30000000000000004,0.7,0.5629424829034756,-158223.20980138486,-0.0024785415988234287,0.0018556942761787333,33.016883438651504,23.433723844592265,0.15625
3613,41.13,4,0.4,0.6,0.12933751819891434,-158046.41239135907,-0.002550968814758234,0.0022934810010866464,32.019520441888496,27.790588991267697,0.15625
3614,41.14,3,0.30000000000000004,0.7,0.690868868662598,-158127.56585970725,-0.0025747262708962597,0.0025455762021028595,31.709787836751854,28.73832815550285,0.15625
3615,41.15,3,0.30000000000000004,0.7,0.5111321109328008,-158154.46180924287,-0.002484468014951271,0.002208560431414581,31.173825562366837,25.61898607594672,0.15625
3616,41.16,2,0.2,0.8,0.2608116581713361,-158132.4377702653,-0.0022876973219886267,0.00204411327468585,31.19377570009798,24.422874325523935,0.15625
3617,41.17,2,0.2,0.8,0.8587973337053074,-158179.25877668316,-0.002297453303190808,0.002560168698689681,30.645733507780452,29.851861014675123,0.15625
3618,41.18,2,0.2,0.8,0.8307290972662007,-158074.66578149906,-0.002263196501720368,0.0024016450470683744,30.29803875104773,28.180158704078313,0.15625
3619,41.19,3,0.30000000000000004,0.7,0.5475013481728825,-158174.35182473558,-0.002591472682932416,0.002224949140033103,31.99356376114202,27.05167218343743,0.15625
3620,41.2,3,0.30000000000000004,0.7,0.3159387119164194,-158185.91999163342,-0.002680857991202502,0.001994767699957438,33.19997041266671,24.00758347198849,0.15625
3621,41.21,5,0.5,0.5,0.3081678569339017,-158137.83277748968,-0.002381421962849025,0.0024264274719696666,30.977039492723012,27.723411358564217,0.15625
3622,41.22,7,0.7000000000000001,0.29999999999999993,0.3811864101106194,-158271.2820182407,-0.002152231656233932,0.0024978413416787168,30.766390840649056,28.503863413174557,0.15625
3623,41.23,6,0.6000000000000001,0.3999999999999999,0.4567783095419337,-158097.26025386722,-0.0025325877702185714,0.002247298651816954,31.844700599041307,26.32023022434541,0.15625
3624,41.24,7,0.7000000000000001,0.29999999999999993,0.5459712813426585,-158195.97667600488,-0.002757142151673441,0.0021096873187241272,32.934635616830114,26.453825743156106,0.15625
3625,41.25,6,0.6000000000000001,0.3999999999999999,0.3611126998558172,-158227.07413814784,-0.002275169617545051,0.002236394416201451,27.625970424882457,26.971976248920274,0.15625
3626,41.26,5,0.5,0.5,0.3842856881371891,-158163.25872846754,-0.002226211761023473,0.002406605744322019,29.431074224267714,29.104964126477586,0.15625
3627,41.27,4,0.4,0.6,0.4495643065286955,-158092.20752603663,-0.002516844683063393,0.002630244564332836,31.656757190258922,29.251521835692273,0.15625
3628,41.28,5,0.5,0.5,0.5673589127510678,-158284.6005950476,-0.0025621955165496596,0.0021484550805072767,34.82036765123013,25.958775780330953,0.15625
3629,41.29,6,0.6000000000000001,0.3999999999999999,0.14267029684222837,-158093.2760247888,-0.0026669031604044584,0.001964597027602124,33.20434463846612,22.021666885833486,0.15625
3630,41.3,5,0.5,0.5,0.5181952045619342,-158184.14279259156,-0.002429716616443152,0.0022965461914060204,32.045228960129755,27.008558286561843,0.15625
3631,41.31,5,0.5,0.5,0.44812961565858367,-158220.8532614281,-0.0021076673021225103,0.0022708749022509996,27.957901255791743,26.85703691000889,0.15625
3632,41.32,4,0.4,0.6,0.3876899192252912,-158226.41298886118,-0.00235582049733231,0.002433824325961028,29.923342397071195,30.921157253997485,0.15625
3633,41.33,3,0.30000000000000004,0.7,0.17356029086797545,-158199.66431235164,-0.0028388060021436986,0.0024162953881171224,33.87446050525322,29.152396430455447,0.15625
3634,41.34,4,0.4,0.6,0.5264685224808983,-158171.06424537566,-0.0024415987349715187,0.002254683030970866,30.258963607770905,25.487453483102247,0.15625
3635,41.35,5,0.5,0.5,0.5353880803955314,-158132.3004791634,-0.0021498223228570623,0.002345067824759746,29.660107229456173,25.972062612754574,0.15625
3636,41.36,6,0.6000000000000001,0.3999999999999999,0.3545977254781858,-158153.73763266925,-0.0023327117141435636,0.0023694257228255794,30.01757304424339,26.29539594390999,0.15625
3637,41.37,8,0.8,0.19999999999999996,0.1601595230708093,-158335.48523240272,-0.002477235169456717,0.0021893771664142623,32.610646843766,28.351166461076836,0.15625
3638,41.38,7,0.7000000000000001,0.29999999999999993,0.2596759451441271,-158199.4810784816,-0.002692087589630769,0.0021695194632094465,32.15235086313159,27.56617903806354,0.15625
3639,41.39,8,0.8,0.19999999999999996,0.25142910230205734,-158297.62491050502,-0.0025343646072320852,0.0023744369719106845,32.568048958155096,29.951838482131663,0.15625
3640,41.4,8,0.8,0.19999999999999996,0.4840709509733483,-158319.25162690115,-0.002187945184897704,0.0023395783479702925,28.23137138725341,26.90123937805838,0.15625
3641,41.41,8,0.8,0.19999999999999996,0.4634488786177767,-158288.0072525521,-0.0022576911598785865,0.0022518276207788364,30.62567419821983,27.615615559557842,0.15625
3642,41.42,8,0.8,0.19999999999999996,0.23421244711535305,-158316.92389584746,-0.0025552245760254774,0.0025138286112945845,32.44595819147901,29.616772183097357,0.15625
3643,41.43,9,0.9,0.09999999999999998,0.9390021725326883,-158445.2018891092,-0.0025549022543371433,0.0021180420932586756,33.67290634538459,28.56780106183283,0.15625
3644,41.44,9,0.9,0.09999999999999998,0.911719853058739,-158287.11682791097,-0.002716341186298735,0.0023577689536702488,32.354459062425896,29.644168436078893,0.15625
3645,41.45,9,0.9,0.09999999999999998,0.9833966728262609,-158384.90428046175,-0.0021573027409994725,0.002394693362201392,27.059864598702692,29.809638335913508,0.15625
3646,41.46,9,0.9,0.09999999999999998,0.966746648724278,-158295.5404853522,-0.00201685318718694,0.0023645573983065585,26.54227882058157,29.66984875278756,0.15625
3647,41.47,9,0.9,0.09999999999999998,0.9803480153624691,-158475.43839227536,-0.002722305125735216,0.0023415740996354274,33.37468851074418,29.173392856867455,0.15625
3648,41.48,9,0.9,0.09999999999999998,0.8673339099106641,-158398.7225321392,-0.002503593433678089,0.0021291974107913066,33.15357533942116,28.167470900966176,0.15625
3649,41.49,8,0.8,0.19999999999999996,0.3943295449628755,-158231.7876302384,-0.002271163346623847,0.002294225795325089,30.485811168875475,30.33575771167002,0.15625
3650,41.5,8,0.8,0.19999999999999996,0.47330465756747453,-158252.25456944967,-0.002507943958355582,0.0025492587309859675,30.493855628713952,30.826225616911398,0.15625
3651,41.51,9,0.9,0.09999999999999998,0.10021235332781729,-158321.08826895533,-0.0022949335219395605,0.002205111139078294,28.982972691896045,27.139782377299035,0.15625
3652,41.52,9,0.9,0.09999999999999998,0.9725015294399794,-158371.43511637623,-0.002476018294465183,0.002090433717151457,31.233559454740607,25.297757349060035,0.15625
3653,41.53,9,0.9,0.09999999999999998,0.9331824144013279,-158410.00006395482,-0.002621397053366176,0.0024970338697279195,32.77687947413621,29.033479118936803,0.15625
3654,41.54,9,0.9,0.09999999999999998,0.5810574774666506,-158403.9308522129,-0.002413531090368835,0.002401604982379218,30.13326221803356,29.675327639642912,0.15625
3655,41.55,9,0.9,0.09999999999999998,0.8182032250251051,-158323.02471042523,-0.002654056448048918,0.0021188818790140182,34.68216774100428,25.681751449227527,0.15625
3656,41.56,8,0.8,0.19999999999999996,0.21339428422133752,-158226.58166126756,-0.0022573281814750067,0.0022535157861603952,31.70058930515148,28.134080974570168,0.15625
3657,41.57,9,0.9,0.09999999999999998,0.7507557576928092,-158387.68031714117,-0.0023531734839886635,0.002505458359371242,32.031232691680714,29.285732849439114,0.15625
3658,41.58,9,0.9,0.09999999999999998,0.9679017134033264,-158259.6497024542,-0.0024884707064173604,0.0025482938263692227,31.065724256823646,32.173036448754694,0.15625
3659,41.59,9,0.9,0.09999999999999998,0.9379680774335415,-158482.73858472303,-0.002376063628958653,0.002043768995236366,28.306434102221328,28.042377356749277,0.15625
3660,41.6,9,0.9,0.09999999999999998,0.8826343083731379,-158243.4793174269,-0.0024992145803897415,0.0023696378768489337,29.806991219947655,34.27726592457851,0.15625
3661,41.61,9,0.9,0.09999999999999998,0.7995026641848813,-158367.06759426795,-0.0023574556485302873,0.0023787209459920594,30.461159426190356,30.231152853994068,0.15625
3662,41.62,9,0.9,0.09999999999999998,0.8440840261132405,-158253.9885950735,-0.0021230413505746847,0.0024046151522019417,29.545781672054083,31.202781699738463,0.15625
3663,41.63,9,0.9,0.09999999999999998,0.7166198549238959,-158330.9333051139,-0.00258414723082172,0.0023034555391422806,32.149194102542594,28.111300159567293,0.15625
3664,41.64,8,0.8,0.19999999999999996,0.2571283035083133,-158234.59264216694,-0.002510397992031221,0.002085570705563906,30.42039197664839,26.0092684966933,0.15625
3665,41.65,8,0.8,0.19999999999999996,0.6068712057892952,-158197.2575770574,-0.002647217151779709,0.0023610599039834736,32.592305279127636,29.048141940467083,0.15625
3666,41.66,9,0.9,0.09999999999999998,0.310567053293149,-158366.43969084093,-0.0025523407953614535,0.002525086047136896,32.45187935929578,29.629899283522505,0.15625
3667,41.67,8,0.8,0.19999999999999996,0.6136441624017945,-158265.18138299696,-0.0021868391849175703,0.0022717307677599524,28.325777970822347,27.9072095597048,0.15625
3668,41.68,7,0.7000000000000001,0.29999999999999993,0.5768508222383238,-158225.18973643304,-0.0025586565824327586,0.002046872363410692,31.778031122226096,23.927457093903477,0.15625
3669,41.69,5,0.5,0.5,0.2877139731474584,-158006.40989560154,-0.002586160680213683,0.002209034700068873,32.354184030482735,26.722888037759766,0.15625
3670,41.7,4,0.4,0.6,0.3096016413926504,-158141.02134597278,-0.0022372383406565697,0.0023032163252005764,29.81445643123117,27.353354685755573,0.15625
3671,41.71,3,0.30000000000000004,0.7,0.5234010617011291,-158111.94944421377,-0.0022712482259766072,0.0026333599263038115,31.164745108268693,31.077038003553696,0.15625
3672,41.72,2,0.2,0.8,0.47560155120292225,-158087.37260380786,-0.0025584176274801793,0.0023478118985598142,30.015141389732893,26.428572401690825,0.15625
3673,41.73,3,0.30000000000000004,0.7,0.11599933051452524,-158019.8669682372,-0.002467905591914964,0.0018090012724515363,30.528298836567874,23.477624769983073,0.15625
3674,41.74,4,0.4,0.6,0.2846324527715824,-158093.73212647118,-0.0024832733615532112,0.002307171096932985,29.747969278088252,27.40707722653748,0.15625
3675,41.75,4,0.4,0.6,0.3808948000017809,-158044.61466455806,-0.0023505586363642083,0.002647683380419202,31.78791065303709,30.488632604447282,0.15625
3676,41.76,4,0.4,0.6,0.46588417629603696,-158120.72638087158,-0.0022501821895972427,0.002287265617994883,30.695789206611728,26.153711654383567,0.15625
3677,41.77,3,0.30000000000000004,0.7,0.17022893668638348,-158088.23555321363,-0.002681646949188336,0.001996453025005551,35.18259328248602,23.03156291325828,0.15625
3678,41.78,5,0.5,0.5,0.14710661896177687,-158188.11484318337,-0.0025550583481910145,0.0024919116208730677,29.036047863336314,27.630699940844355,0.15625
3679,41.79,5,0.5,0.5,0.3884427142487947,-158038.1963936524,-0.0022805833051238148,0.0021914252406919654,29.138539812651345,27.298712105792546,0.15625
3680,41.8,6,0.6000000000000001,0.3999999999999999,0.3798925690531461,-158145.29459570174,-0.002436151807570179,0.0023928016479922314,27.936652985933947,27.749493031080334,0.15625
3681,41.81,6,0.6000000000000001,0.3999999999999999,0.12189311026108221,-158172.77151646183,-0.0024189160115990435,0.002304838496135882,30.540747889078137,28.86813904111423,0.15625
3682,41.82,6,0.6000000000000001,0.3999999999999999,0.1268541550254049,-158071.5799168282,-0.002259374563164198,0.002222888963929434,29.104828663656164,26.13970135622482,0.15625
3683,41.83,7,0.7000000000000001,0.29999999999999993,0.7096767145747367,-158277.5624695848,-0.0025920087159850198,0.0022783958610611355,34.940697290459696,25.651608342581167,0.15625
3684,41.84,5,0.5,0.5,0.4027659251771842,-158074.0714281022,-0.0025313304868471017,0.002295002618973392,31.87250743294827,25.89626738780837,0.15625
3685,41.85,3,0.30000000000000004,0.7,0.6199231801060541,-158243.95208379722,-0.002411960002063307,0.0022021168472630866,28.448999924247158,25.976449848458046,0.15625
3686,41.86,2,0.2,0.8,0.5470339358775035,-158189.95217107525,-0.0023325009675434047,0.002309934394995913,27.736371713216606,29.1600300585066,0.15625
3687,41.87,3,0.30000000000000004,0.7,0.596215824744609,-158211.36987532096,-0.002569411887181254,0.0025507314787277823,30.581038729990468,30.29795268409623,0.15625
3688,41.88,5,0.5,0.5,0.13719279672618645,-158208.47170169023,-0.0023564448154894183,0.002328611248982764,31.903059149308305,27.13191901249692,0.15625
3689,41.89,5,0.5,0.5,0.411646499694205,-158246.59289961806,-0.00226541821904696,0.002184195527056129,32.24255492432504,23.911802198383345,0.15625
3690,41.9,6,0.6000000000000001,0.3999999999999999,0.45749920372772374,-158264.4702737406,-0.002420576487097441,0.0023244478016207193,30.883644692958697,26.008760059793268,0.15625
3691,41.91,4,0.4,0.6,0.4543814166441912,-158244.86151277157,-0.0025448633292249625,0.0021745083384029033,30.242693133166252,25.79570754706745,0.15625
3692,41.92,5,0.5,0.5,0.3676537320519544,-158290.4231051999,-0.0024017661224624348,0.002245722057927768,27.952379958459584,29.955211465573726,0.15625
3693,41.93,4,0.4,0.6,0.3434639321104326,-158221.63077165873,-0.0025551397984322835,0.002235021705701621,29.91122630774089,27.02288707486664,0.15625
3694,41.94,3,0.30000000000000004,0.7,0.16686804910540654,-158270.3588787406,-0.002278858262767065,0.0022829460107770074,29.285115764222667,27.02537155378002,0.15625
3695,41.95,4,0.4,0.6,0.6047718104574742,-158247.0079857445,-0.0024089618757537267,0.0024326617307453497,30.44845369396867,25.476147828220647,0.15625
3696,41.96,4,0.4,0.6,0.5408809558641303,-158219.82290552353,-0.0026792208852586415,0.00253249848339058,34.12798556442243,27.20588546969908,0.15625
3697,41.97,3,0.30000000000000004,0.7,0.2508010508554097,-158301.8669341495,-0.002349695103233481,0.0022478086959540366,30.292333768354755,27.11594418506684,0.15625
3698,41.98,3,0.30000000000000004,0.7,0.49733095447830944,-158275.5809127228,-0.0024886529786630534,0.0021868052502562923,31.30608405925513,27.56689463866481,0.15625
3699,41.99,2,0.2,0.8,0.9340923374749022,-158270.3979177413,-0.0025169164197524595,0.002114742265207204,30.69867062616168,25.925820722370652,0.15625
3700,42.0,1,0.1,0.9,0.09011239714332422,-158231.8630277425,-0.0023293126174962235,0.0021705952651438105,30.928096167874365,25.83894482183868,0.15625
3701,42.01,2,0.2,0.8,0.2953792800624825,-158274.61902691243,-0.002445986845017867,0.0025991863173120792,32.16341340036961,30.02493069989284,0.15625
3702,42.02,2,0.2,0.8,0.6222537741249157,-158203.79878390615,-0.002535588911359487,0.002414755560301798,34.46482802122221,29.820280510179842,0.15625
3703,42.03,3,0.30000000000000004,0.7,0.4014488517273367,-158210.04723198884,-0.002222909231418775,0.0022328812516015976,29.322243209297874,26.912148984179904,0.15625
3704,42.04,3,0.30000000000000004,0.7,0.4735248194594577,-158230.74935064782,-0.002188367988239908,0.0020973249889145477,28.170627524193392,23.94362288322069,0.15625
3705,42.05,4,0.4,0.6,0.6030302789063288,-158279.8954964903,-0.002465313055478307,0.002044784597423877,32.545739417911506,24.17897612307018,0.15625
3706,42.06,5,0.5,0.5,0.5154872611650052,-158339.27894723188,-0.0026044954709899606,0.0023204342369311784,31.350779259097195,27.051249817737613,0.15625
3707,42.07,6,0.6000000000000001,0.3999999999999999,0.38173698978752124,-158299.309139493,-0.0026883230818765405,0.002534307788783223,32.61251615987697,29.282527426501996,0.15625
3708,42.08,5,0.5,0.5,0.25958990617614625,-158285.46563102532,-0.0023758923851567165,0.0024259253304486474,27.71953641747919,27.132423342568746,0.15625
3709,42.09,7,0.7000000000000001,0.29999999999999993,0.06827660077820796,-158270.2254348176,-0.0022202088428913604,0.002091701780673675,27.17530208015425,24.858015084751493,0.15625
3710,42.1,7,0.7000000000000001,0.29999999999999993,0.7479773692960158,-158405.13338008453,-0.002482306884362336,0.0020862725001980216,31.090162618694414,25.15910421573411,0.15625
3711,42.11,6,0.6000000000000001,0.3999999999999999,0.26989797508958197,-158314.88404010292,-0.0025493199888536482,0.0022142940272134653,32.173884232316695,27.319853138536676,0.15625
3712,42.12,6,0.6000000000000001,0.3999999999999999,0.47814789572475264,-158351.88761209368,-0.002641504887386491,0.002583107717266492,32.91624953392564,30.88490649876472,0.15625
3713,42.13,6,0.6000000000000001,0.3999999999999999,0.4128950806709811,-158364.3947042906,-0.002365051463303549,0.002243284079343965,31.3864903809532,26.964853474142114,0.15625
3714,42.14,7,0.7000000000000001,0.29999999999999993,0.7324841636137762,-158396.6892868113,-0.0020353602427384244,0.0022779914700162412,25.221928267807925,26.855843664589482,0.15625
3715,42.15,7,0.7000000000000001,0.29999999999999993,0.06229460260404171,-158393.1465945123,-0.002359090162847533,0.0024022267101899493,29.306484112114056,29.293088222891097,0.15625
3716,42.16,7,0.7000000000000001,0.29999999999999993,0.60462434531971,-158374.92153229343,-0.0025924910273532704,0.002285491346048815,30.509975551115716,27.896469248831046,0.15625
3717,42.17,7,0.7000000000000001,0.29999999999999993,0.6743819127543174,-158264.77952125316,-0.00252355391214692,0.0023635142830330386,31.580516391779184,28.94558182237323,0.15625
3718,42.18,5,0.5,0.5,0.22155737080205046,-158417.05701806035,-0.0026074504013917496,0.0023269677542423427,32.6201596430504,26.24717439714848,0.15625
3719,42.19,5,0.5,0.5,0.42403531684185347,-158282.27569961094,-0.0023399697922385984,0.00221745973766162,28.8825383804331,24.281471080113427,0.15625
3720,42.2,4,0.4,0.6,0.4749062456665316,-158340.43317987345,-0.0021870729474412,0.0022333109718813016,27.99818863203026,26.175382105820013,0.15625
3721,42.21,5,0.5,0.5,0.11626810799177748,-158281.52059220694,-0.0025876314034223393,0.002318270245744176,30.802038490896248,28.01723209481011,0.15625
3722,42.22,6,0.6000000000000001,0.3999999999999999,0.46528000010201515,-158227.32522848033,-0.002629332187014821,0.002485386995563425,30.66034106812448,30.66307031176208,0.15625
3723,42.23,7,0.7000000000000001,0.29999999999999993,0.3490114934342662,-158415.5907734841,-0.002358835006911024,0.002167163177807365,31.287366167665745,28.244393867886977,0.15625
3724,42.24,8,0.8,0.19999999999999996,0.09068339592126698,-158374.4036360403,-0.002488449973001677,0.002318097047509821,32.124779510903444,26.264318702016716,0.15625
3725,42.25,7,0.7000000000000001,0.29999999999999993,0.575710215254693,-158440.5414862571,-0.002139852453709971,0.0020969841785151576,28.62978940575736,24.95942133252341,0.15625
3726,42.26,7,0.7000000000000001,0.29999999999999993,0.5447333743060622,-158348.30377587728,-0.0022191529819823525,0.0024490173237141422,26.02127580719216,28.991934312336824,0.15625
3727,42.27,7,0.7000000000000001,0.29999999999999993,0.3278891014289824,-158313.68633946325,-0.0026585054455018045,0.0024757329468908457,30.433682193028165,30.675196105915624,0.15625
3728,42.28,6,0.6000000000000001,0.3999999999999999,0.46437788720742174,-158277.8732470969,-0.0025843885205311793,0.0022010428954972287,32.75110518065036,27.675639055597227,0.15625
3729,42.29,6,0.6000000000000001,0.3999999999999999,0.6065254661617225,-158219.35869967128,-0.0024794370729928896,0.0024173739608901127,31.976136437511133,28.327784088731807,0.15625
3730,42.3,6,0.6000000000000001,0.3999999999999999,0.2636904099285805,-158341.22481227238,-0.002322849826880557,0.0022018141677144897,28.768354879860222,24.592058116907445,0.15625
3731,42.31,6,0.6000000000000001,0.3999999999999999,0.45376226140157605,-158259.37061813325,-0.002462810977859899,0.0020039171213096195,30.876507997635045,23.12223971468331,0.15625
3732,42.32,6,0.6000000000000001,0.3999999999999999,0.43284220156013004,-158354.17103034264,-0.002572049344421324,0.0021359626237236282,30.321471265315235,25.38279363928992,0.15625
3733,42.33,7,0.7000000000000001,0.29999999999999993,0.1793350767933381,-158330.7819037075,-0.0025035296718074144,0.002588648737832471,31.04154028641139,30.072671492371093,0.15625
3734,42.34,7,0.7000000000000001,0.29999999999999993,0.47013177042234433,-158304.82109364352,-0.0023413424677545727,0.002469325997846362,31.016701497012996,29.70420062850447,0.15625
3735,42.35,7,0.7000000000000001,0.29999999999999993,0.050763629638654384,-158223.34382349317,-0.0023818883072903797,0.0022855357398936516,29.535335282712143,26.307909137007684,0.15625
3736,42.36,8,0.8,0.19999999999999996,0.05916481264350089,-158369.22470455526,-0.002332771523656475,0.002440685931261297,28.560019743694667,29.40786328901979,0.15625
3737,42.37,8,0.8,0.19999999999999996,0.7209017711774037,-158299.04410084605,-0.002442913366463529,0.0019923309479624516,28.784062840600402,24.791933366357963,0.15625
3738,42.38,9,0.9,0.09999999999999998,0.7908445206409639,-158456.72946328347,-0.0023754947071596855,0.0022057340755940163,30.806093276748943,29.663402823694565,0.15625
3739,42.39,9,0.9,0.09999999999999998,0.7159548641975103,-158397.8614290794,-0.0024988547792490655,0.0024496675666036247,31.401236159722057,31.073864154609147,0.15625
3740,42.4,8,0.8,0.19999999999999996,0.4403370322182735,-158343.4015931352,-0.0023692247103530746,0.0023946530971412023,28.56905611315364,30.07241479249188,0.15625
3741,42.41,8,0.8,0.19999999999999996,0.7765970641700427,-158342.39306701062,-0.0024640275395880836,0.002356227031257481,30.22128631121011,28.950076879128005,0.15625
3742,42.42,8,0.8,0.19999999999999996,0.7216398485014398,-158382.94038211252,-0.0026335298405864216,0.0023338577409716603,32.90639088018223,28.81921050350329,0.15625
3743,42.43,8,0.8,0.19999999999999996,0.6627596019546658,-158316.6157482182,-0.0024546739854295805,0.0022667358865164997,30.218095908715835,27.67386459567401,0.15625
3744,42.44,9,0.9,0.09999999999999998,0.3165494124476678,-158517.2792360417,-0.002219249694620312,0.0023831697319337437,28.351945839459326,29.792863281123385,0.15625
3745,42.45,9,0.9,0.09999999999999998,0.4881538058584195,-158413.59126385313,-0.0022853780269158066,0.0023077163762571526,26.92569539707517,29.46455493617681,0.15625
3746,42.46,9,0.9,0.09999999999999998,0.7027565320781561,-158446.13041769364,-0.0025076600617270355,0.0023853773979917335,29.882881862807423,30.40526864589417,0.15625
3747,42.47,8,0.8,0.19999999999999996,0.696802360071669,-158330.36498428488,-0.0025381650354987465,0.0022654404834813774,32.01347480296175,29.957704275358097,0.15625
3748,42.48,7,0.7000000000000001,0.29999999999999993,0.40321311514909675,-158291.19466029695,-0.002484109631662455,0.0023074513455832086,30.495349843189604,27.904419476379847,0.15625
3749,42.49,5,0.5,0.5,0.4423925494755296,-158218.6676741379,-0.002191309008777671,0.0023860758244647943,29.15565732727098,28.049985767634766,0.15625
3750,42.5,4,0.4,0.6,0.503461405314693,-158195.9805202104,-0.002395177685715929,0.00202378773689823,30.50478637016794,23.184841572586958,0.15625
3751,42.51,4,0.4,0.6,0.45354941461422094,-158176.3225708738,-0.0026130011114223885,0.0021118567686965527,31.09645264707659,24.140834934232522,0.15625
3752,42.52,4,0.4,0.6,0.394577612083558,-158361.49704768445,-0.002451014794940313,0.0024088303276000077,30.374256107718615,28.654644468968925,0.15625
3753,42.53,3,0.30000000000000004,0.7,0.7196262596447146,-158227.39245741547,-0.0025117827287922767,0.0027580395500731176,29.562954682470874,31.56663835503229,0.15625
3754,42.54,3,0.30000000000000004,0.7,0.3326627621090193,-158287.16280330523,-0.002467293629673898,0.002082754455255637,31.599004186500714,25.59468487759806,0.15625
3755,42.55,3,0.30000000000000004,0.7,0.2511957719829635,-158185.65448279798,-0.0025300387678429317,0.001864682794486621,34.18899877193369,22.167017445997928,0.15625
3756,42.56,3,0.30000000000000004,0.7,0.5275280899894875,-158255.66520606092,-0.0025361281927238116,0.002375814392792588,32.566647039636806,25.418410329358206,0.15625
3757,42.57,2,0.2,0.8,0.7068766993480431,-158183.1005139891,-0.0023677106041210118,0.0024159237314308264,33.1760455147457,29.047416727341773,0.15625
3758,42.58,2,0.2,0.8,0.9114672752413447,-158290.60058109404,-0.002334804680783712,0.0022800162416033876,29.964439471587223,28.159265532350982,0.15625
3759,42.59,2,0.2,0.8,0.9550295796165228,-158283.73965245337,-0.0022274039991960785,0.0024106677812493044,26.66711725259045,29.634221965948374,0.15625
3760,42.6,2,0.2,0.8,0.8263824097014828,-158225.36806211932,-0.0022762917281730815,0.0023468509631687966,27.32158143416648,27.762633103655702,0.15625
3761,42.61,3,0.30000000000000004,0.7,0.1677815019460311,-158364.5935906058,-0.0027554631264025365,0.0020998382327209733,32.54365094931927,24.311974404507893,0.15625
3762,42.62,3,0.30000000000000004,0.7,0.6013373278386901,-158141.25642115972,-0.0024245173599188167,0.0021988994321393146,32.12859720569321,26.40432722987573,0.15625
3763,42.63,2,0.2,0.8,0.8407797960177535,-158302.96083720535,-0.002364222669665183,0.0022640940818627335,34.35027413477668,26.646352155640077,0.15625
3764,42.64,2,0.2,0.8,0.5350141664248897,-158188.45845796962,-0.002564610185377037,0.002440404170882339,33.310188123161105,27.91045233469321,0.15625
3765,42.65,2,0.2,0.8,0.8432570551686046,-158300.42578971488,-0.002441476490358506,0.002221735035657334,30.932706554439818,27.269760771422675,0.15625
3766,42.66,2,0.2,0.8,0.8845601963246079,-158259.0578015991,-0.002491631453303404,0.002211322043687856,29.34969786128175,25.64327700429421,0.15625
3767,42.67,2,0.2,0.8,0.08141059845047459,-158245.82433888764,-0.0024484371296263304,0.0024063896398471615,29.825500107373326,28.968307655004885,0.15625
3768,42.68,2,0.2,0.8,0.27737996983043395,-158293.4430676038,-0.0024168253881992584,0.0022017289076011817,31.396879737460207,26.703350491649545,0.15625
3769,42.69,2,0.2,0.8,0.7799709304570062,-158280.0009622979,-0.0023571725743120695,0.0023920878926785485,31.104269833294904,27.857002593372922,0.15625
3770,42.7,2,0.2,0.8,0.878588160978125,-158291.18728574415,-0.002374770504982915,0.002473794284978253,30.899536090911134,28.992129558959324,0.15625
3771,42.71,3,0.30000000000000004,0.7,0.4245041934150421,-158264.5523609807,-0.00240712830725508,0.0020886000014004365,30.77327887598118,24.871423202583628,0.15625
3772,42.72,2,0.2,0.8,0.016999937701989445,-158245.23864437346,-0.00239272921316473,0.002053720139026541,30.95041263137516,25.08023145471463,0.15625
3773,42.73,2,0.2,0.8,0.6054928095308756,-158192.86204600314,-0.0024640607441133934,0.0022845771326101974,31.175671139707475,27.085679778512066,0.15625
3774,42.74,4,0.4,0.6,0.2231717672320412,-158249.038269769,-0.0024176983789274444,0.0022582102196493166,32.8020390040932,28.287859239369876,0.15625
3775,42.75,4,0.4,0.6,0.529216849891581,-158210.58872346728,-0.002681969492230134,0.002546809481322765,33.24181179506662,28.91941264938356,0.15625
3776,42.76,4,0.4,0.6,0.5245087834345888,-158092.78835417933,-0.0023222175803056084,0.0023293234779844414,29.250223344784445,26.470409559493362,0.15625
3777,42.77,3,0.30000000000000004,0.7,0.21964961958217366,-158280.66928217662,-0.0023082912194835204,0.002194440705758787,27.40271869868437,24.33930241935931,0.15625
3778,42.78,4,0.4,0.6,0.48147017220646754,-158231.4679273379,-0.0025985613618742538,0.0021581179854650683,32.65831354672278,25.923901813188024,0.15625
3779,42.79,5,0.5,0.5,0.38293045393653313,-158194.8155246579,-0.00244391697860957,0.0025150390927328094,30.782552316781803,29.949063290777854,0.15625
3780,42.8,4,0.4,0.6,0.10812036185453248,-158194.75838752365,-0.002344957494763423,0.002625311436843739,30.00888497337651,30.729908356413315,0.15625
3781,42.81,4,0.4,0.6,0.41336167553810144,-158175.20826088492,-0.002457582611333555,0.0020651705206320434,29.802626827039518,24.10611621737553,0.15625
3782,42.82,4,0.4,0.6,0.3681308801768626,-158242.16495705754,-0.002496490007164952,0.0017174707598966235,32.1093152955751,21.48363775305341,0.15625
3783,42.83,3,0.30000000000000004,0.7,0.46222522025143636,-158151.65237594376,-0.0023649285356629117,0.0022144152047093675,30.535646755425805,25.87440338527708,0.15625
3784,42.84,3,0.30000000000000004,0.7,0.37387608801176647,-158152.33481652517,-0.0023701970103645028,0.0027253718068169755,31.56217388569225,31.593078601180846,0.15625
3785,42.85,5,0.5,0.5,0.38284734155244693,-158208.21089861364,-0.0025581526448345306,0.0022801527578312827,31.465113589216784,25.36096261596425,0.15625
3786,42.86,5,0.5,0.5,0.5638099841214981,-158291.00359679497,-0.002417101529559016,0.001989266390049782,31.153004980322812,24.993516156075003,0.15625
3787,42.87,6,0.6000000000000001,0.3999999999999999,0.4407455862240405,-158241.47780023032,-0.0024563927067144803,0.0025820699988636903,28.18710947133737,27.42491318163441,0.15625
3788,42.88,5,0.5,0.5,0.46471125028132304,-158223.39879615238,-0.0023809665590987105,0.002452525409453115,31.155449363852487,28.516230686390116,0.15625
3789,42.89,6,0.6000000000000001,0.3999999999999999,0.2346587785423915,-158158.7014242194,-0.002376566773304536,0.0022688148681096728,30.45188265604555,26.367656354587393,0.15625
3790,42.9,6,0.6000000000000001,0.3999999999999999,0.5343199517880962,-158235.59177674353,-0.002372864847125792,0.0023311955268721985,28.32087473442491,29.275289302619107,0.15625
3791,42.91,8,0.8,0.19999999999999996,0.4249072136012171,-158357.87331200766,-0.0025696249223318163,0.0020079000938742486,31.465794209726276,25.086905187640514,0.15625
3792,42.92,9,0.9,0.09999999999999998,0.09904961710960886,-158524.5653041751,-0.0024601631486548597,0.0023570097413807625,29.668651944085347,30.368045636131278,0.15625
3793,42.93,9,0.9,0.09999999999999998,0.42128329151186616,-158430.72617788392,-0.002448133865577876,0.0024127278734082697,28.97208515451354,29.155895551718018,0.15625
3794,42.94,9,0.9,0.09999999999999998,0.4987379472108852,-158390.35175190304,-0.002210585304272583,0.002369878420048332,29.162315177787402,29.999594552567373,0.15625
3795,42.95,6,0.6000000000000001,0.3999999999999999,0.1682840365193494,-158294.92064502608,-0.0023944614317471355,0.0023287258053052186,30.465242419839246,28.602658061661444,0.15625
3796,42.96,7,0.7000000000000001,0.29999999999999993,0.28266950820231734,-158377.58716510405,-0.0023760140596901192,0.002390482057648524,29.996458916358904,29.25884114969655,0.15625
3797,42.97,6,0.6000000000000001,0.3999999999999999,0.4813272676624523,-158304.2966446229,-0.0023206943986734114,0.002155620209456652,29.995248948868866,26.172401562611185,0.15625
3798,42.98,6,0.6000000000000001,0.3999999999999999,0.45453396714694416,-158221.85938324535,-0.0025561125596105364,0.002237391034467976,29.655177240710643,24.68416912978439,0.15625
3799,42.99,5,0.5,0.5,0.504655954757895,-158233.58261698435,-0.0024678493854122293,0.002373989576574794,30.721080149333805,28.981036641408178,0.15625
3800,43.0,4,0.4,0.6,0.3284739294762743,-158331.6052412531,-0.002596429470813554,0.0021360564877717387,31.777447447301356,25.475095205210646,0.15625
3801,43.01,3,0.30000000000000004,0.7,0.6033744532685956,-158379.97356667233,-0.002546240917820014,0.0021633618873253034,32.287464440450954,26.81972783913987,0.15625
3802,43.02,5,0.5,0.5,0.27552416074456165,-158270.01873806663,-0.0024846647094371654,0.0023744562314462043,30.49816392650641,26.767792540179293,0.15625
3803,43.03,5,0.5,0.5,0.4398345569994489,-158369.85651217028,-0.0023708610607021696,0.0023115437808197857,29.91647714438288,26.757001347294356,0.15625
3804,43.04,4,0.4,0.6,0.4377695773872388,-158310.60863931704,-0.0026266982214073952,0.0022896095821525616,33.87379971125915,25.245516311706663,0.15625
3805,43.05,3,0.30000000000000004,0.7,0.5572379943420679,-158273.91011070908,-0.002283280060556537,0.0024975971329324383,29.57807836336506,29.78996036197413,0.15625
3806,43.06,2,0.2,0.8,0.641593726197989,-158362.55062508155,-0.0021766656512419214,0.0023948842699234143,26.323616582175692,27.543425032759995,0.15625
3807,43.07,3,0.30000000000000004,0.7,0.11013414239590831,-158184.30427728646,-0.00243085493244606,0.002372389554178232,30.10141522117055,30.4353426327358,0.15625
3808,43.08,4,0.4,0.6,0.2955998555967732,-158385.93426789073,-0.002521290089218233,0.002029082470653902,30.245331055442062,24.85900105179882,0.15625
3809,43.09,4,0.4,0.6,0.39260420339623187,-158227.29607763008,-0.0023635720158576234,0.00203080177459467,32.633855863241806,23.759201622768387,0.15625
3810,43.1,3,0.30000000000000004,0.7,0.7346693002828634,-158343.27087592668,-0.002434591055157695,0.0023778527430887908,33.45161822356989,25.934618275547127,0.15625
3811,43.11,4,0.4,0.6,0.37932773394158337,-158223.0589878901,-0.0024388645327271005,0.0022865956481345137,31.603489709791383,25.560371844095332,0.15625
3812,43.12,3,0.30000000000000004,0.7,0.5178310120765777,-158328.0417297205,-0.0025161886109205008,0.00226019616110191,31.72323258433408,28.29620522585995,0.15625
3813,43.13,3,0.30000000000000004,0.7,0.539329918358046,-158301.19253846706,-0.002813601509537012,0.002315946115629192,32.15372421920069,26.574227403535033,0.15625
3814,43.14,2,0.2,0.8,0.2801404943712575,-158314.04700870396,-0.0022261054540328737,0.0026281401999863415,26.53060059376577,29.887468398510478,0.15625
3815,43.15,2,0.2,0.8,0.6597611927500359,-158270.9041692319,-0.0021571538373899865,0.002249631575989035,27.364202703654332,24.943958900955835,0.15625
3816,43.16,3,0.30000000000000004,0.7,0.2843773111700027,-158334.94212177326,-0.0024722369649013537,0.002278812486760675,31.850946849904176,28.173982450535732,0.15625
3817,43.17,2,0.2,0.8,0.8154930421614135,-158238.41751333434,-0.0024743398019466266,0.002349536021201367,30.880127744678457,27.8344494028139,0.15625
3818,43.18,1,0.1,0.9,0.7849147912982012,-158315.89694369896,-0.002388204715738886,0.002121177543526388,34.28216602065221,26.78827667768616,0.15625
3819,43.19,1,0.1,0.9,0.9520944664081725,-158233.17881809504,-0.002495687911766168,0.0022548953643702144,31.09113795648868,25.19083761546036,0.15625
3820,43.2,1,0.1,0.9,0.9517354588439902,-158310.2199913349,-0.0022615944230518817,0.002029162172480843,32.23614780994382,26.119935783164152,0.15625
3821,43.21,2,0.2,0.8,0.05550430756977538,-158260.20613550852,-0.0025204837118464433,0.0023170196805655406,32.129282349300674,28.474009341797306,0.15625
3822,43.22,2,0.2,0.8,0.5858737650923823,-158245.33749251562,-0.0026473079981095314,0.0024975338545460573,33.4922990248313,30.620639528183226,0.15625
3823,43.23,2,0.2,0.8,0.6023735270894542,-158370.87978790654,-0.0021398792674414578,0.0020809112205800793,27.70832566073,24.520644217269442,0.15625
3824,43.24,3,0.30000000000000004,0.7,0.6798761847590593,-158229.26097740917,-0.0023901700591971325,0.0021383857427696826,30.00306708120965,24.69403367037927,0.15625
3825,43.25,4,0.4,0.6,0.5471838795872561,-158318.81811914206,-0.002698576337180467,0.0025144931866993357,31.43210858927193,27.615285754935716,0.15625
3826,43.26,5,0.5,0.5,0.6448767786906845,-158277.48485606725,-0.002433627489594091,0.0023657486312674246,29.933147575605847,29.489603963688538,0.15625
3827,43.27,4,0.4,0.6,0.2228664852409086,-158299.64833129733,-0.002577730789709818,0.002282607523969682,29.013548259261363,25.18672828679601,0.15625
3828,43.28,4,0.4,0.6,0.43025610833416655,-158301.45278487992,-0.0023556830313290807,0.0021116989158191683,29.56579899991708,25.088039194467722,0.15625
3829,43.29,6,0.6000000000000001,0.3999999999999999,0.09518388932473025,-158323.94226847263,-0.0021439278712605944,0.002117672940623867,28.939651627753495,26.351214825266563,0.15625
3830,43.3,7,0.7000000000000001,0.29999999999999993,0.5460932438490353,-158415.5345137986,-0.0025287543292526423,0.0024064734118232722,32.667105949120796,28.942963774616313,0.15625
3831,43.31,7,0.7000000000000001,0.29999999999999993,0.44119095362857325,-158297.75018407422,-0.0025646530925804213,0.002416453675057009,31.346638733939887,30.08455320337847,0.15625
3832,43.32,8,0.8,0.19999999999999996,0.3337424709434667,-158404.50132454885,-0.0023816482099987186,0.0021989541364452712,30.186655062984606,26.37006577972324,0.15625
3833,43.33,7,0.7000000000000001,0.29999999999999993,0.5587497345114765,-158360.33351343957,-0.0023771553012036004,0.002296263597123905,29.424062945124774,26.927831537598635,0.15625
3834,43.34,6,0.6000000000000001,0.3999999999999999,0.5037278608778383,-158348.42107317998,-0.002309432916988467,0.00231628983789118,29.544054859347263,27.815878530101543,0.15625
3835,43.35,5,0.5,0.5,0.6560227074527701,-158319.5602181853,-0.0025436740257201622,0.0022859906119207735,31.764625776057112,27.897583929878277,0.15625
3836,43.36,3,0.30000000000000004,0.7,0.04886920338415076,-158295.93690118173,-0.0026260934972367994,0.002245032234638865,33.33591966825238,26.269986963322165,0.15625
3837,43.37,4,0.4,0.6,0.40083128286373426,-158258.6988563509,-0.002148011508068535,0.002360163034120886,26.72402591297306,26.7707522735433,0.15625
3838,43.38,5,0.5,0.5,0.37361408741337043,-158330.79074823772,-0.002377253017130711,0.0022154416196733698,28.771977283682563,25.09210676477137,0.15625
3839,43.39,6,0.6000000000000001,0.3999999999999999,0.4433771535105352,-158375.9720205993,-0.002555373693252546,0.0022108148487408963,32.50119653049768,26.553134724104115,0.15625
3840,43.4,7,0.7000000000000001,0.29999999999999993,0.5755571973740673,-158408.84268845248,-0.002505605561375481,0.0024933132645379497,31.10880976552734,30.619288064852128,0.15625
3841,43.41,7,0.7000000000000001,0.29999999999999993,0.5259606036456403,-158370.9244691582,-0.0026012524847365036,0.002408702823851515,33.18800241716553,27.868740891221584,0.15625
3842,43.42,9,0.9,0.09999999999999998,0.010964850366818608,-158505.01495828092,-0.0021589471603875436,0.0022804676507324744,26.885512926065335,27.06192493865348,0.15625
3843,43.43,8,0.8,0.19999999999999996,0.6783818213493447,-158435.3367109398,-0.002458313994540984,0.0020428140642538214,31.4530996931668,24.941412000935664,0.15625
3844,43.44,7,0.7000000000000001,0.29999999999999993,0.0794229909254682,-158400.400481205,-0.0024984248925804114,0.0024165648876117328,29.24916833540879,30.74767820692677,0.15625
3845,43.45,8,0.8,0.19999999999999996,0.808975663639045,-158506.81510495776,-0.0024267033441562956,0.0023351929429172354,29.836272756974843,32.15376464685511,0.15625
3846,43.46,8,0.8,0.19999999999999996,0.7650557811918349,-158366.04269052352,-0.0025722157694176642,0.0024307710491816028,29.86615961557887,30.246414734398314,0.15625
3847,43.47,8,0.8,0.19999999999999996,0.7594012102883875,-158408.13658837572,-0.002237410422978644,0.0022503196853312446,27.607083237396765,28.436372863713743,0.15625
3848,43.48,8,0.8,0.19999999999999996,0.6948198077628315,-158436.81231940785,-0.002220898783460296,0.0023470115734786842,26.950584979555305,28.046340254677446,0.15625
3849,43.49,8,0.8,0.19999999999999996,0.6097867804513646,-158457.5358709508,-0.0025180525976210974,0.0023438641700445264,31.55321919041852,30.493830489848726,0.15625
3850,43.5,9,0.9,0.09999999999999998,0.8708864608892675,-158458.40172769877,-0.0026408552863835433,0.0023825227327291293,32.84479895299188,29.22360003140565,0.15625
3851,43.51,9,0.9,0.09999999999999998,0.9359430760325983,-158406.0667111094,-0.0022437243400677364,0.002449275962376931,29.181684674830713,31.543688285186477,0.15625
3852,43.52,8,0.8,0.19999999999999996,0.5222997173516754,-158408.34595358427,-0.002475123669820783,0.0021605492794439865,29.244804173886504,25.0863343539357,0.15625
3853,43.53,8,0.8,0.19999999999999996,0.440158366312526,-158353.0619476404,-0.0023794926446512846,0.0020799551149146334,30.647404505843994,27.490763289223818,0.15625
3854,43.54,7,0.7000000000000001,0.29999999999999993,0.4808965468279978,-158374.84541452886,-0.0024999975289438725,0.0022852787611813696,30.46984355268826,27.8226609350721,0.15625
3855,43.55,9,0.9,0.09999999999999998,0.07381095186308928,-158483.99600892543,-0.0024427638221340385,0.0026180067482034983,29.374557863993235,31.94010794443025,0.15625
3856,43.56,9,0.9,0.09999999999999998,0.51103828263235,-158490.88765800177,-0.0024439651360815386,0.0020771606482913275,29.711408168577513,25.391818309355536,0.15625
3857,43.57,9,0.9,0.09999999999999998,0.33481734916650235,-158596.4307928363,-0.0026093548030409223,0.0020546188924196107,32.83694249257048,24.952263374957347,0.15625
3858,43.58,7,0.7000000000000001,0.29999999999999993,0.44452275498410376,-158256.23241416097,-0.0022227178793580394,0.002575352975915712,26.78009206651725,30.083782369703986,0.15625
3859,43.59,8,0.8,0.19999999999999996,0.10000974752862835,-158349.20491071843,-0.00247826618906372,0.0025994277930296034,30.561829506472126,29.608196929218796,0.15625
3860,43.6,6,0.6000000000000001,0.3999999999999999,0.46557957124670313,-158215.23643474572,-0.0024194257481666387,0.0021181592132575823,30.287690254824273,26.390915990169233,0.15625
3861,43.61,6,0.6000000000000001,0.3999999999999999,0.46964004307412305,-158263.75216831284,-0.0024066705681605586,0.0017758927215151678,33.07463478012853,22.779535802108274,0.15625
3862,43.62,7,0.7000000000000001,0.29999999999999993,0.5848901013165415,-158335.51833905245,-0.0024399418345180403,0.002529224018307348,29.396100938654765,29.54916681300893,0.15625
3863,43.63,5,0.5,0.5,0.4259833629744995,-158287.93992803682,-0.002412636824953663,0.002444163552723218,28.796254745642205,28.384093986679225,0.15625
3864,43.64,5,0.5,0.5,0.4791758601379658,-158265.89092103898,-0.0024158776615730813,0.0020635323806087037,29.835752970871052,26.44997897996977,0.15625
3865,43.65,3,0.30000000000000004,0.7,0.6722045138562954,-158253.34790423405,-0.0027168617148262196,0.002187424446882907,33.32098760348358,25.3663316145906,0.15625
3866,43.66,4,0.4,0.6,0.30529676382749543,-158405.19949823766,-0.002129488874486904,0.0026147061720358565,28.291810764839976,29.02918585848044,0.15625
3867,43.67,4,0.4,0.6,0.3978956295647676,-158287.3604952626,-0.002331925642236307,0.0024668638959306835,31.143296738059146,28.66573634241224,0.15625
3868,43.68,3,0.30000000000000004,0.7,0.3801994283330809,-158256.0408481071,-0.0028590798885161557,0.0021118430816603646,33.075606672525566,23.678575789416044,0.15625
3869,43.69,5,0.5,0.5,0.30213631869262697,-158257.09068963418,-0.0023435518350230574,0.002083110296883,30.868958882481977,26.836459554542728,0.15625
3870,43.7,5,0.5,0.5,0.5054145672321143,-158220.65024978895,-0.0023920174605413895,0.0024889042628227862,28.835637594042552,26.693427410069187,0.15625
3871,43.71,3,0.30000000000000004,0.7,0.2739905761669938,-158263.84716802376,-0.0022332406341989213,0.0025341867286689424,30.338321086224607,30.4818842633598,0.15625
3872,43.72,4,0.4,0.6,0.38910050067534135,-158241.40282161813,-0.0023880218557882507,0.0021620381071203376,31.147971084278296,26.779254943734855,0.15625
3873,43.73,5,0.5,0.5,0.5210836265765275,-158246.94344090237,-0.002861336314311854,0.001917216732515918,34.82649554898038,23.58176664607299,0.15625
3874,43.74,4,0.4,0.6,0.1231883182052221,-158254.23968090906,-0.002351906036892994,0.002329354047998734,28.96095842719058,25.754733958007677,0.15625
3875,43.75,4,0.4,0.6,0.3951422942719164,-158275.61014810187,-0.0021243677436405075,0.0024840895615530732,27.81207879081357,28.449018677095708,0.15625
3876,43.76,3,0.30000000000000004,0.7,0.4557265453008293,-158294.30733313825,-0.0026147864870025117,0.0022505397820340237,31.96129577137136,25.68808707273124,0.15625
3877,43.77,3,0.30000000000000004,0.7,0.45646654242119594,-158297.51712927176,-0.0026245999657043702,0.0020660501277765357,35.67966589860407,26.55745018122606,0.15625
3878,43.78,5,0.5,0.5,0.42680321755285544,-158274.82646519868,-0.002453683038191855,0.0025858514138745728,28.800893139297223,28.46055079322639,0.15625
3879,43.79,6,0.6000000000000001,0.3999999999999999,0.5734232079964218,-158294.16308451208,-0.0024303852327446467,0.002443625713649287,30.869374481107208,27.286829242387707,0.15625
3880,43.8,6,0.6000000000000001,0.3999999999999999,0.4265531232301754,-158452.5630602198,-0.002185812021417123,0.00216199058697143,28.29194908253404,26.431469771386794,0.15625
3881,43.81,6,0.6000000000000001,0.3999999999999999,0.3741605700305179,-158276.49280608486,-0.002498740363071847,0.002320879636466374,30.470652966919573,28.738001577271003,0.15625
3882,43.82,6,0.6000000000000001,0.3999999999999999,0.34088960424713316,-158354.97417419436,-0.0025884016311299826,0.002388575600151388,32.75215811071417,30.813003701994322,0.15625
3883,43.83,7,0.7000000000000001,0.29999999999999993,0.5611492883280749,-158357.82019524783,-0.002321227301698886,0.0022024631310120606,28.758815794902784,26.035662958390514,0.15625
3884,43.84,6,0.6000000000000001,0.3999999999999999,0.3781051658477582,-158310.20846290415,-0.002252275153127938,0.002139687685439909,28.269365373738744,24.911334163006217,0.15625
3885,43.85,5,0.5,0.5,0.39023031234914246,-158293.74104237507,-0.002557229849027867,0.002139755021810249,31.94608981373033,24.02371501546537,0.15625
3886,43.86,5,0.5,0.5,0.5332145911758316,-158283.7961025652,-0.0024912733349400523,0.0025508761038572697,29.487828817300276,29.486064976115138,0.15625
3887,43.87,4,0.4,0.6,0.3473894102267642,-158267.36654351055,-0.002611533722994983,0.002355576316946841,34.188006282747054,28.788433483757725,0.15625
3888,43.88,5,0.5,0.5,0.5818509775114347,-158350.7065403762,-0.002546686997840124,0.002214196599618771,31.594981622001182,25.502762190515817,0.15625
3889,43.89,6,0.6000000000000001,0.3999999999999999,0.3598476299035313,-158278.50290612082,-0.0022949245888190836,0.0022545411865354417,27.364445301021703,25.975448133016247,0.15625
3890,43.9,5,0.5,0.5,0.09679523211157305,-158267.6678644838,-0.0023104072962888004,0.002103714952327046,28.136634870531058,25.594634692259067,0.15625
3891,43.91,5,0.5,0.5,0.41917912724341183,-158305.72811659545,-0.0025216898941444387,0.00242714080222939,30.347703651655742,29.19953067876047,0.15625
3892,43.92,3,0.30000000000000004,0.7,0.37959955750209534,-158306.4216689414,-0.0024762831909984333,0.0025458674902604115,32.49706074139657,30.44718470447809,0.15625
3893,43.93,2,0.2,0.8,0.7140610481648129,-158338.60382791358,-0.002441387330305009,0.0023292429165014273,34.039301229124256,27.33554378989357,0.15625
3894,43.94,2,0.2,0.8,0.8915165845617412,-158312.52874645073,-0.0023134727887567236,0.0020702051786046552,29.354542557742594,22.55377648214159,0.15625
3895,43.95,2,0.2,0.8,0.928629820459381,-158272.77504053776,-0.0021980990409018143,0.002040251247080303,29.97259248306731,26.109569250557524,0.15625
3896,43.96,2,0.2,0.8,0.7457096986608173,-158353.87417716504,-0.002823570517250108,0.002276923751128807,33.79681939802014,26.861317145807476,0.15625
3897,43.97,2,0.2,0.8,0.6636442200283029,-158328.79447322717,-0.002524769938740463,0.002671282973287375,30.520432857387114,33.257602594684315,0.15625
3898,43.98,2,0.2,0.8,0.41024727855607745,-158208.30270891302,-0.0023083367954680922,0.002089680646500586,29.742218910314385,25.64473541540264,0.15625
3899,43.99,2,0.2,0.8,0.7122431980437004,-158394.64331402234,-0.0024827478774333317,0.0020772776580543625,31.273678392340607,23.973176611186375,0.15625
3900,44.0,1,0.1,0.9,0.01078121255132955,-158245.56919240454,-0.0023009902742786663,0.0024980904121411217,29.814375945268683,27.54275477576221,0.15625
3901,44.01,2,0.2,0.8,0.5578584031148749,-158312.8616419928,-0.002539875722117897,0.002298175991623091,33.84259245458148,28.231916488577763,0.15625
3902,44.02,1,0.1,0.9,0.5459551256548667,-158268.6565857462,-0.002713382112017506,0.0023243674973450488,35.1736189597789,29.370623375593695,0.15625
3903,44.03,1,0.1,0.9,0.990200919659415,-158264.1608874149,-0.0020592355072672334,0.002209179042105887,27.530210033164447,28.269938218849905,0.15625
3904,44.04,2,0.2,0.8,0.01571788259966294,-158336.33522716144,-0.002034328024595236,0.002173179031023274,25.740171981693962,27.10136585638711,0.15625
3905,44.05,2,0.2,0.8,0.6769488625582305,-158307.46413941085,-0.002577457897250287,0.0023714329056676994,32.59056059416548,27.506762355420054,0.15625
3906,44.06,1,0.1,0.9,0.47000886388717655,-158367.09624046792,-0.002589911344208056,0.002333553934837586,34.28303206655339,27.509752759282055,0.15625
3907,44.07,1,0.1,0.9,0.36086118354836305,-158308.77772941347,-0.002469118927484185,0.0020373623432331537,34.77094831832705,24.183580598349913,0.15625
3908,44.08,3,0.30000000000000004,0.7,0.022099098431696496,-158334.21187960508,-0.002409739584518684,0.0024865152425069446,32.50224958212429,30.649333098186425,0.15625
3909,44.09,4,0.4,0.6,0.1113870949964225,-158286.78925835947,-0.002558176814343333,0.002426460032708514,29.45917670000485,27.465749753421502,0.15625
3910,44.1,5,0.5,0.5,0.4022997170599974,-158297.74911388275,-0.00215720938993337,0.0021287657772480133,25.535376439401603,26.79401442033326,0.15625
3911,44.11,6,0.6000000000000001,0.3999999999999999,0.47473062371710467,-158281.54882829174,-0.0024155952623664927,0.0024654741949385692,27.199612379580817,27.799371999791735,0.15625
3912,44.12,6,0.6000000000000001,0.3999999999999999,0.2968381987846933,-158299.0781132804,-0.002504585980350905,0.0023083203470349173,31.644880877415677,28.892088583737653,0.15625
3913,44.13,7,0.7000000000000001,0.29999999999999993,0.6598903338744808,-158425.30554764578,-0.0024690816235218467,0.0020579724038410647,34.05756108766577,26.538582950682684,0.15625
3914,44.14,7,0.7000000000000001,0.29999999999999993,0.6733130197472116,-158314.47485645386,-0.002393857746057659,0.00234384040473954,30.627057190153096,28.055799562449376,0.15625
3915,44.15,6,0.6000000000000001,0.3999999999999999,0.46268850764164093,-158355.3183808167,-0.002274655402488889,0.0024247422151053156,28.8177288118752,27.655766475334843,0.15625
3916,44.16,6,0.6000000000000001,0.3999999999999999,0.1678556459962677,-158371.68308911676,-0.002544389048563344,0.002286708766332893,30.84437694421146,25.2106329004154,0.15625
3917,44.17,6,0.6000000000000001,0.3999999999999999,0.38132295052685466,-158270.2597454104,-0.0026584945142050956,0.002211569797633977,31.75104062099327,25.784745497482845,0.15625
3918,44.18,7,0.7000000000000001,0.29999999999999993,0.35003839280097665,-158362.46413647095,-0.0023522677665446146,0.002140308790996863,29.885995275990396,25.387284007067635,0.15625
3919,44.19,7,0.7000000000000001,0.29999999999999993,0.7177725070632116,-158439.46081103873,-0.0021496911030305806,0.0024182662943884863,27.013789300196525,30.42224723412147,0.15625
3920,44.2,7,0.7000000000000001,0.29999999999999993,0.6384081159301213,-158369.49891467585,-0.0024996044427850962,0.0024917714150870067,29.769320175119887,29.502480121922,0.15625
3921,44.21,7,0.7000000000000001,0.29999999999999993,0.45975726565131514,-158387.17645956547,-0.002529115222625162,0.002245459783821824,31.29147363434049,29.346180779365508,0.15625
3922,44.22,5,0.5,0.5,0.3169505336320614,-158371.47564019234,-0.0026243799056833122,0.002077545498334389,30.70013118176584,23.95382487262983,0.15625
3923,44.23,4,0.4,0.6,0.10888225811029917,-158334.82718320139,-0.0022078840408817843,0.002313429168197081,30.35979201683745,27.78582899935921,0.15625
3924,44.24,3,0.30000000000000004,0.7,0.6738700906727992,-158359.18073362374,-0.0022400914498701694,0.002349353167504521,29.06872172732664,25.807482818938276,0.15625
3925,44.25,3,0.30000000000000004,0.7,0.5268464666194332,-158308.6669871797,-0.002542310165451546,0.0023934848543805368,32.702209935733656,28.519800617685657,0.15625
3926,44.26,4,0.4,0.6,0.1825298080371148,-158317.9538527713,-0.0026060455677275078,0.002265424199272911,32.413481902857974,27.584448705663007,0.15625
3927,44.27,5,0.5,0.5,0.06884219220543268,-158376.81097548088,-0.0025718128551626843,0.0020217139158994635,31.80110186545541,24.23222599291471,0.15625
3928,44.28,5,0.5,0.5,0.4821934048936643,-158336.51312251049,-0.0023711827649849707,0.0023523605514686437,28.371596534980423,25.49754654914079,0.15625
3929,44.29,5,0.5,0.5,0.37989722441110435,-158351.3344943003,-0.002289600351039668,0.0023015527198530757,29.3711676482901,26.994277733408346,0.15625
3930,44.3,7,0.7000000000000001,0.29999999999999993,0.36707417346160337,-158271.49848765752,-0.0024483555490432637,0.0021381087803930047,30.14799942788477,26.369283601587764,0.15625
3931,44.31,6,0.6000000000000001,0.3999999999999999,0.23269222461712905,-158412.21817890645,-0.002462899521954831,0.002595555864345881,30.855458402839755,31.48272277517377,0.15625
3932,44.32,8,0.8,0.19999999999999996,0.17172920081226883,-158433.1825040881,-0.0024588528688303003,0.002600045449137566,30.114118351620373,31.089638734984202,0.15625
3933,44.33,8,0.8,0.19999999999999996,0.5501350187170718,-158445.1371230987,-0.002464390651242461,0.0020394104448921155,30.43914022757848,24.26978664460319,0.15625
3934,44.34,8,0.8,0.19999999999999996,0.7309130262993748,-158523.73102225768,-0.002297753548412821,0.002078000858409586,29.68147498242891,26.251170986095055,0.15625
3935,44.35,7,0.7000000000000001,0.29999999999999993,0.22321125697219676,-158365.1183309979,-0.0025535600573218004,0.0022666127324144254,31.000423609799448,27.20964398672182,0.15625
3936,44.36,8,0.8,0.19999999999999996,0.677096856534652,-158467.3111483327,-0.0024925432816606955,0.0023422714384332202,32.4892928995378,30.179150058397244,0.15625
3937,44.37,9,0.9,0.09999999999999998,0.4617216827326091,-158537.695935517,-0.0023552347141675856,0.002583159228761566,27.890031142185496,29.767520300915137,0.15625
3938,44.38,9,0.9,0.09999999999999998,0.24446019145338427,-158519.4006545595,-0.00252992920658315,0.0022974800277775044,29.035235087088104,27.455818076728324,0.15625
3939,44.39,9,0.9,0.09999999999999998,0.5245976129032995,-158504.25222682353,-0.00240991122660701,0.0019353178379026875,30.174962351841707,24.70367101769005,0.15625
3940,44.4,8,0.8,0.19999999999999996,0.42214526178229567,-158482.87538369928,-0.002352887398028936,0.0024179928221773417,29.88306510751895,30.382715275442827,0.15625
3941,44.41,7,0.7000000000000001,0.29999999999999993,0.5734199881668741,-158362.0907649724,-0.0024588245386580588,0.0025417608303949938,30.065692279503146,31.99873286530719,0.15625
3942,44.42,7,0.7000000000000001,0.29999999999999993,0.38365254822310807,-158379.5594354717,-0.002327465038178021,0.002340758554956454,30.633797032434416,29.492031936345043,0.15625
3943,44.43,7,0.7000000000000001,0.29999999999999993,0.43323278719693253,-158380.1073661361,-0.0024990793629585586,0.0021813073259735875,30.65792335155711,26.4780544142098,0.15625
3944,44.44,9,0.9,0.09999999999999998,0.010268005221543773,-158579.89968723382,-0.0025379160861674034,0.0020766711547696003,32.1205612062162,24.335241679598223,0.15625
3945,44.45,7,0.7000000000000001,0.29999999999999993,0.27576483314161643,-158229.79360947292,-0.0022216053776648536,0.0022317669059546226,28.05097665542674,27.06102767191047,0.15625
3946,44.46,7,0.7000000000000001,0.29999999999999993,0.22971187374403626,-158430.28865677974,-0.0025842449280918498,0.0024090211993611195,30.887363177517404,28.95657550522242,0.15625
3947,44.47,6,0.6000000000000001,0.3999999999999999,0.6312513392661064,-158289.2629582406,-0.0025827425257511274,0.002475917615666111,30.30222952770769,30.967689911772542,0.15625
3948,44.48,7,0.7000000000000001,0.29999999999999993,0.39781656833689955,-158375.33414615682,-0.002477342705778549,0.0022541950224064054,30.53546840602305,26.96379236174875,0.15625
3949,44.49,5,0.5,0.5,0.23650936138341752,-158357.7321369415,-0.002455158543174204,0.002496306981385558,29.375295972554724,26.264056620954623,0.15625
3950,44.5,5,0.5,0.5,0.424095418794327,-158380.06287142527,-0.002084600174196905,0.0021933046629973047,27.116569529619824,25.911138500675946,0.15625
3951,44.51,5,0.5,0.5,0.28432032120787326,-158265.7301070132,-0.0024644591143722127,0.0021005868766088703,31.935036660386814,25.725601441190655,0.15625
3952,44.52,6,0.6000000000000001,0.3999999999999999,0.5453323196018618,-158213.5451994779,-0.002585197788052868,0.0024063682598762966,32.93423241297137,30.589265714444462,0.15625
3953,44.53,6,0.6000000000000001,0.3999999999999999,0.03722623443032085,-158269.39825959053,-0.0023956272437225252,0.0024332678539574467,30.44694863252248,28.907235159001363,0.15625
3954,44.54,5,0.5,0.5,0.2577086594941834,-158299.86273532157,-0.0025687675551101597,0.0019377264891369435,32.199487178446354,22.4676869056931,0.15625
3955,44.55,3,0.30000000000000004,0.7,0.4262544388412017,-158290.49372810632,-0.002347489255350596,0.0019114093910718693,30.03668951052617,22.124285989018183,0.15625
3956,44.56,3,0.30000000000000004,0.7,0.5935498444323741,-158212.79066690034,-0.0021003513755764687,0.002595149785114816,24.90879933758671,30.456724675586536,0.15625
3957,44.57,2,0.2,0.8,0.761524045149748,-158361.38882001184,-0.002746523845507294,0.002524170901909399,32.76694527745651,30.681725021141137,0.15625
3958,44.58,3,0.30000000000000004,0.7,0.2784863802932601,-158213.1436546999,-0.002531475031353553,0.002277289858300854,31.301374331065826,27.96241635193049,0.15625
3959,44.59,4,0.4,0.6,0.645811009626728,-158291.8383269417,-0.0022441660463015673,0.0021649419221328355,29.077360656334776,24.875967544288255,0.15625
3960,44.6,6,0.6000000000000001,0.3999999999999999,0.5574722243013088,-158351.7100998968,-0.002303150074228641,0.002166334626013037,29.49924618485764,22.896814160831163,0.15625
3961,44.61,7,0.7000000000000001,0.29999999999999993,0.43727092986359983,-158490.38590776327,-0.002443911429901165,0.0022748925672222324,31.41280424565594,27.53531724919072,0.15625
3962,44.62,6,0.6000000000000001,0.3999999999999999,0.4547345507387568,-158182.7900558985,-0.002774581819765967,0.0023964145672340014,32.48508552786707,29.38702252141463,0.15625
3963,44.63,6,0.6000000000000001,0.3999999999999999,0.45654834048679804,-158348.14583912102,-0.0025574343826425885,0.002326538927970829,32.80598357721977,31.24149087387582,0.15625
3964,44.64,7,0.7000000000000001,0.29999999999999993,0.4081815350423024,-158317.34733533568,-0.0021855276404020942,0.00226258024695825,26.932006819492493,27.529625121295638,0.15625
3965,44.65,7,0.7000000000000001,0.29999999999999993,0.2899069281149866,-158378.14735933457,-0.0022413674954993405,0.0020505352686161476,28.4519913934403,24.516742841292686,0.15625
3966,44.66,6,0.6000000000000001,0.3999999999999999,0.38309669463511803,-158258.67285279304,-0.0025076942618231565,0.00214250847023938,29.04393652691407,24.645936290356286,0.15625
3967,44.67,6,0.6000000000000001,0.3999999999999999,0.40295401910907297,-158325.96291125703,-0.0025006807018424105,0.002683591402227321,30.018309245529824,31.81325595409114,0.15625
3968,44.68,6,0.6000000000000001,0.3999999999999999,0.409105392220114,-158290.49653874757,-0.0025123788994807395,0.0025540023924472133,31.305539094867346,29.021264932228267,0.15625
3969,44.69,6,0.6000000000000001,0.3999999999999999,0.12624634501406773,-158255.4541746187,-0.0023467205899319167,0.0020350274420024477,31.949977493753956,25.89226030411243,0.15625
3970,44.7,5,0.5,0.5,0.5339895699029036,-158342.103985979,-0.0025550194102115886,0.0021218717521505697,31.15935270444865,23.61100296927909,0.15625
3971,44.71,6,0.6000000000000001,0.3999999999999999,0.417484493540308,-158276.13892916992,-0.0025043102005292248,0.0023782711157885918,31.1771407386819,25.97254343280422,0.15625
3972,44.72,6,0.6000000000000001,0.3999999999999999,0.013794651996627272,-158303.23335671675,-0.0024258991544126598,0.002319704330498563,29.25050172223225,26.763586936369997,0.15625
3973,44.73,6,0.6000000000000001,0.3999999999999999,0.2675096997257042,-158350.89154789827,-0.002644643256403729,0.0021044005443190913,32.04343984950478,26.75500696855277,0.15625
3974,44.74,4,0.4,0.6,0.23469588483117337,-158258.04640388628,-0.002335393818326906,0.0023846038341813914,29.180907820843426,30.210243586204417,0.15625
3975,44.75,3,0.30000000000000004,0.7,0.44056625079478146,-158239.43017275774,-0.002254569687801862,0.002525909666823983,28.102653161494434,29.700102779115937,0.15625
3976,44.76,3,0.30000000000000004,0.7,0.435983556939592,-158274.49341192545,-0.0023749210065902916,0.0022318062282875445,32.67293779927563,25.662318842842122,0.15625
3977,44.77,2,0.2,0.8,0.6850663879285962,-158423.85493817885,-0.0023810631767339696,0.0022072485273310688,30.961446695942577,23.719199653663967,0.15625
3978,44.78,2,0.2,0.8,0.14075303506666687,-158230.80489808795,-0.002506331292023976,0.00232988128939236,32.15981738033451,28.060902036347024,0.15625
3979,44.79,2,0.2,0.8,0.7438513546401352,-158255.2080317451,-0.0025909020654912088,0.002286151976025038,31.48438780995744,29.55683892620434,0.15625
3980,44.8,1,0.1,0.9,0.2795583563786721,-158279.77120440194,-0.0024452096170198938,0.0021810223218150997,30.60047592505578,27.94406850656289,0.15625
3981,44.81,2,0.2,0.8,0.6767655799024346,-158268.82307616278,-0.0023483364197667295,0.0023083979504147766,30.17982394508914,27.186375534437083,0.15625
3982,44.82,1,0.1,0.9,0.5768420859110476,-158332.64615163548,-0.0024381008127711567,0.0022738201717598097,33.750049351559475,26.781731483329065,0.15625
3983,44.83,1,0.1,0.9,0.9964976879629859,-158368.3984031746,-0.0024753165411574673,0.002366046026667832,33.52252463886999,26.95010246130123,0.15625
3984,44.84,1,0.1,0.9,0.9690783953393676,-158270.84642320967,-0.002290350616889004,0.0024046528123119726,30.151259284681743,29.469385450141274,0.15625
3985,44.85,1,0.1,0.9,0.7527094323888467,-158291.95761343956,-0.002486029794432198,0.0019161361990395157,31.674426779215512,23.641555613322556,0.15625
3986,44.86,1,0.1,0.9,0.8928096294930635,-158277.51341755295,-0.0021779736511816704,0.0021581782233235616,27.01777691277684,29.080692305960792,0.15625
3987,44.87,1,0.1,0.9,0.9887413553738637,-158298.643798556,-0.0023981051062006782,0.0025042768991355626,29.971958486417506,29.190422119510462,0.15625
3988,44.88,1,0.1,0.9,0.5881517572774789,-158359.70456027472,-0.0024504421767745023,0.0026041498138304024,30.656136779152288,31.37008554793717,0.15625
3989,44.89,1,0.1,0.9,0.886072394055444,-158247.22451012954,-0.002714657558426193,0.0018730474497286194,34.4573824472892,23.063944029195536,0.15625
3990,44.9,2,0.2,0.8,0.7678788313338665,-158330.79966635763,-0.0025536857023587198,0.0020547334239928126,32.405125244068834,25.051743734939294,0.15625
3991,44.91,2,0.2,0.8,0.875439992927764,-158319.59979737084,-0.002284113036341565,0.0024596360614698594,31.223971875354106,29.237724976559953,0.15625
3992,44.92,2,0.2,0.8,0.7562158329366858,-158321.43751773587,-0.0023344689038230057,0.002318289811401619,30.180295377797595,25.46144663352792,0.15625
3993,44.93,2,0.2,0.8,0.7849086562624676,-158348.2112585204,-0.0022460720553636525,0.0019599270290764637,31.60609276611941,25.419281791406345,0.15625
3994,44.94,1,0.1,0.9,0.6613600466078672,-158333.25192080805,-0.0026625648303825714,0.002440395832629737,32.75536009463279,28.49922813610586,0.15625
3995,44.95,2,0.2,0.8,0.6429154158120557,-158213.24798236627,-0.0023956078629998275,0.002632587941567541,28.765805437481944,31.640218227113692,0.15625
3996,44.96,4,0.4,0.6,0.20388038154892033,-158358.57844220367,-0.0022029604185475264,0.00222803353549867,27.33533209040148,27.89290676706541,0.15625
3997,44.97,4,0.4,0.6,0.3703095255976588,-158233.60571567633,-0.0026724138490534645,0.0021985738259319054,31.525083288326513,25.985837195913273,0.15625
3998,44.98,4,0.4,0.6,0.38822823355751196,-158228.1237836619,-0.002395229312842342,0.0020895702901467545,31.171285797617777,23.48063508877607,0.15625
3999,44.99,4,0.4,0.6,0.6337449980282768,-158274.4278395758,-0.0024250880061791806,0.002293377654762774,33.06851615284647,25.506918925199514,0.15625
4000,45.0,4,0.4,0.6,0.3998539728077133,-158338.46880615797,-0.002657203875659156,0.002543357692810952,30.820899308440666,26.822291174817106,0.15625
4001,45.01,4,0.4,0.6,0.4090961403997835,-158308.10770011414,-0.0022881421717130717,0.0021060907259744218,29.687530056903153,27.318418054618025,0.15625
4002,45.02,3,0.30000000000000004,0.7,0.27258581026989465,-158320.67141067874,-0.0026319887100572327,0.0021519072377872354,31.210113262549886,25.75995801710976,0.15625
4003,45.03,3,0.30000000000000004,0.7,0.4557903808116237,-158337.0993069465,-0.002381373890444964,0.002543171506822493,31.297437943182096,29.87292156859335,0.15625
4004,45.04,3,0.30000000000000004,0.7,0.6493297131648111,-158257.69875020796,-0.0021515831997227807,0.0023889089637935327,29.79934052158859,26.703904541029864,0.15625
4005,45.05,3,0.30000000000000004,0.7,0.5126177777913234,-158360.09659173808,-0.0024911693465398976,0.002209844574540188,32.03128891474032,25.545338689254162,0.15625
4006,45.06,3,0.30000000000000004,0.7,0.5387969151167923,-158212.32489915792,-0.0025901981061039084,0.0020550954978728517,31.977293726113324,24.9560777395325,0.15625
4007,45.07,3,0.30000000000000004,0.7,0.5522914251956459,-158267.63309010532,-0.0023915125141325327,0.0022797243037552036,29.217013935401656,27.030958684742572,0.15625
4008,45.08,2,0.2,0.8,0.5560870309962174,-158212.82705786845,-0.002536348092600782,0.0025634477357645664,31.779736954453767,29.28127003466928,0.15625
4009,45.09,2,0.2,0.8,0.6535276627521828,-158257.04921469715,-0.002302139389706849,0.0021296045098233634,29.74243203624687,26.242890495029478,0.15625
4010,45.1,2,0.2,0.8,0.824646141028633,-158286.44844611548,-0.0025697900427391453,0.002063875604076233,33.7719283870063,24.878603830838493,0.15625
4011,45.11,2,0.2,0.8,0.8354348961743119,-158259.3496595481,-0.0027162371812515782,0.002382916510505204,32.414017277717704,27.365316615049075,0.15625
4012,45.12,2,0.2,0.8,0.7391088222509882,-158216.64882394634,-0.0021815559908260926,0.002401131050075272,29.173332848755212,28.436294185142177,0.15625
4013,45.13,2,0.2,0.8,0.5265643031318094,-158204.02114956954,-0.0021461102583183985,0.002455333642171176,27.364458640096963,29.115108554008724,0.15625
4014,45.14,2,0.2,0.8,0.43426475451923513,-158307.4532666495,-0.0026006911136314897,0.002047777553894923,33.39641917011451,25.067628545754705,0.15625
4015,45.15,2,0.2,0.8,0.5846124903637969,-158187.42920327384,-0.002449867552553031,0.002122785745508062,32.69262029766111,24.81277244576773,0.15625
4016,45.16,2,0.2,0.8,0.762712859014627,-158300.72097305802,-0.0023577586228194255,0.0023812785459786036,30.583088678889776,27.411055267227617,0.15625
4017,45.17,3,0.30000000000000004,0.7,0.6534594813974366,-158206.69734591382,-0.002574004739878842,0.0023301198198161927,33.48762298661555,27.485230739577737,0.15625
4018,45.18,3,0.30000000000000004,0.7,0.3230681455772925,-158252.1014291431,-0.00235358730983185,0.0023788040514377156,29.442937043314362,29.490329508248212,0.15625
4019,45.19,4,0.4,0.6,0.5588195088451139,-158244.76106664725,-0.002584938960881426,0.0023154164890306986,30.411398626642672,25.29730209052087,0.15625
4020,45.2,4,0.4,0.6,0.4876278903537511,-158218.12197741598,-0.0023549405882566255,0.00200666304412952,30.64574012607345,25.074689679525815,0.15625
4021,45.21,3,0.30000000000000004,0.7,0.19866479922729413,-158302.4948539999,-0.0023265367881974528,0.0022375393747415,30.233151611509467,25.793444182139677,0.15625
4022,45.22,4,0.4,0.6,0.5057797214086076,-158191.57600994717,-0.0025192356273696743,0.0025973680047736147,33.42457047869801,30.7830474825792,0.15625
4023,45.23,5,0.5,0.5,0.21823493764985816,-158296.67558004966,-0.002520757573350064,0.002505343196233918,30.61337867701189,27.752644190715547,0.15625
4024,45.24,6,0.6000000000000001,0.3999999999999999,0.3156743610423855,-158298.54962639842,-0.0023878462016148237,0.0020076972811564216,30.09647447467816,23.769014110105786,0.15625
4025,45.25,5,0.5,0.5,0.368740354355048,-158295.43211802933,-0.00260323030591061,0.0020612390000426923,30.475247977492018,23.119217110364186,0.15625
4026,45.26,5,0.5,0.5,0.5562593616569836,-158237.43627930604,-0.002446354680367417,0.0022938037930173615,31.021000731506376,26.814606934308873,0.15625
4027,45.27,5,0.5,0.5,0.509610587518207,-158183.06823319715,-0.0023054606108181765,0.002524646849902195,29.662463931186128,29.626671785336196,0.15625
4028,45.28,7,0.7000000000000001,0.29999999999999993,0.1957077709460401,-158294.76028911062,-0.0025970080181479784,0.002197559367008636,33.61879755210357,27.883140328438724,0.15625
4029,45.29,8,0.8,0.19999999999999996,0.5324586617875258,-158360.75369221368,-0.002455712042605406,0.002193480199759245,28.788411167672276,26.488588497021237,0.15625
4030,45.3,9,0.9,0.09999999999999998,0.3166072277336261,-158388.27766885032,-0.002086236051419058,0.0024924612326958245,25.773673266115825,29.555731291265793,0.15625
4031,45.31,8,0.8,0.19999999999999996,0.4350346997722616,-158260.02344338835,-0.002340045890800026,0.0023101483798175205,28.964299113502733,28.31278307856954,0.15625
4032,45.32,9,0.9,0.09999999999999998,0.25418950433910603,-158466.91191876546,-0.002526153603381457,0.0022847112161216345,31.59450300969908,28.233266189552538,0.15625
4033,45.33,8,0.8,0.19999999999999996,0.7865176162023303,-158360.76022234414,-0.002380877210405368,0.002113393314376319,31.18308903320278,28.05738604500098,0.15625
4034,45.34,8,0.8,0.19999999999999996,0.7870702553359262,-158425.61956652126,-0.0027789230715315953,0.002270195152529786,32.96981615817171,27.28002926991733,0.15625
4035,45.35,9,0.9,0.09999999999999998,0.932373238430616,-158446.03348511108,-0.0025077933242951145,0.0025861846421573994,30.114130418034627,30.0218703102867,0.15625
4036,45.36,8,0.8,0.19999999999999996,0.3076053332723765,-158379.07354847246,-0.002033271660888303,0.002313515808749403,25.32384412575509,28.435293139033586,0.15625
4037,45.37,9,0.9,0.09999999999999998,0.48109605284373635,-158387.78509704742,-0.002589828336897774,0.00224166225541765,30.12699351106214,28.60940007518599,0.15625
4038,45.38,8,0.8,0.19999999999999996,0.7290951930784555,-158377.999263332,-0.002602574502627125,0.002173545218411719,31.638683017214866,28.100715546526505,0.15625
4039,45.39,9,0.9,0.09999999999999998,0.501019588106255,-158426.7520686487,-0.002457478712490734,0.0024183247189039003,32.12361986852001,29.524761057409,0.15625
4040,45.4,9,0.9,0.09999999999999998,0.748042451192798,-158372.71236380714,-0.0024690828424880594,0.002451268720751642,31.694320568100885,29.211982245635348,0.15625
4041,45.41,9,0.9,0.09999999999999998,0.9448629932060496,-158493.59054702157,-0.0023105344913912328,0.0021892663062858878,29.202185825130954,27.88895311461075,0.15625
4042,45.42,8,0.8,0.19999999999999996,0.4378340021314786,-158331.3626388793,-0.002257843052174833,0.0022522001933300445,27.19871303904875,30.481463809369593,0.15625
4043,45.43,8,0.8,0.19999999999999996,0.3578850133350852,-158318.79225433394,-0.0023310449856716645,0.002523537711781115,28.0504030241191,36.664090199072,0.15625
4044,45.44,9,0.9,0.09999999999999998,0.22216136555876828,-158492.66111426443,-0.002364443466617894,0.0024019609246385167,27.693409055210374,33.47458669263764,0.15625
4045,45.45,9,0.9,0.09999999999999998,0.9554461918226673,-158364.33548564237,-0.0024002062570883283,0.0022650933591401847,30.759906056069685,30.866262948165108,0.15625
4046,45.46,10,1.0,0.0,0.1484248710522266,-158699.60611484823,-0.0026245856085223146,0.00250946491968079,33.418136094547386,30.910869840306095,0.15625
4047,45.47,10,1.0,0.0,0.9181339056425329,-158633.39487341294,-0.002363599883871203,0.0023253544974067204,30.469645122667064,29.519555283661017,0.15625
4048,45.48,10,1.0,0.0,0.9999972990545255,-158548.15959926156,-0.0024009783368091923,0.002270012873331686,28.353431221255136,29.088242099151067,0.15625
4049,45.49,10,1.0,0.0,0.9999986629912453,-158693.55346886633,-0.0023907529766709215,0.0025436861929648987,27.335586695675396,32.56451962569773,0.15625
4050,45.5,10,1.0,0.0,0.9999992394169247,-158595.8612503496,-0.002580221593085766,0.002712836885719901,31.310729705641087,34.59237062315468,0.15625
4051,45.51,10,1.0,0.0,0.9999998563364636,-158633.28244296243,-0.0026616399152199536,0.0025183611895350003,36.04837035953975,33.31787250684779,0.15625
4052,45.52,10,1.0,0.0,0.9999999317585988,-158617.99038959964,-0.002429751389823028,0.002387846671466649,30.10172461819675,31.507619571202753,0.15625
4053,45.53,10,1.0,0.0,0.9999999579982992,-158664.5092984214,-0.002450738626826697,0.0024084789182427313,29.427298367538924,32.77851235712672,0.15625
4054,45.54,10,1.0,0.0,0.9999633366705017,-158623.2379586003,-0.002151875383030255,0.002791046020799866,25.579307006274924,37.697453536074434,0.15625
4055,45.55,10,1.0,0.0,0.9999291384520725,-158668.6031927268,-0.002391822243687059,0.00244684018679522,30.15653707813239,35.81393524637675,0.15625
4056,45.56,10,1.0,0.0,0.9997214334270189,-158624.31194500896,-0.002896220282415212,0.002346057383737303,35.46152054683205,34.87363564778097,0.15625
4057,45.57,10,1.0,0.0,0.9998313617624277,-158663.0661137458,-0.002371144043370769,0.0025574131634649045,28.923929877912506,35.950042819211134,0.15625
4058,45.58,10,1.0,0.0,0.9999985213341034,-158609.03320803,-0.002170740667599921,0.0027105181792028634,28.38410520002804,36.651390347765556,0.15625
4059,45.59,10,1.0,0.0,0.9999999501510732,-158670.40711221457,-0.0025231779506039173,0.0027362319306073303,30.799538511860955,35.34589950128349,0.15625
4060,45.6,10,1.0,0.0,0.9999838122528039,-158641.17780661906,-0.002558311235597222,0.002386726231520685,32.64759682078909,34.54238352087825,0.15625
4061,45.61,10,1.0,0.0,0.9989878681660228,-158636.4051893415,-0.002573731661125577,0.0025017180106521267,30.58741653060158,35.2113694123376,0.15625
4062,45.62,10,1.0,0.0,0.9999824860119323,-158485.4265551577,-0.0025796644650801573,0.002643529466093097,30.110457088578777,35.31083091887121,0.15625
4063,45.63,10,1.0,0.0,0.9999939671332322,-158595.60044810135,-0.0022228429716123657,0.002561305361147073,29.0977440724852,35.30373572247641,0.15625
4064,45.64,10,1.0,0.0,0.9999995187490607,-158577.18313971368,-0.0022993343465691537,0.002526105450590833,29.448345752528834,33.33968096880343,0.15625
4065,45.65,10,1.0,0.0,0.9999997897673623,-158612.30479437104,-0.0025892091522859355,0.0025190275647213587,31.645533476017373,33.6512674857126,0.15625
4066,45.66,10,1.0,0.0,0.9999777213713859,-158650.12762782135,-0.0025295313879478355,0.002505414734803242,30.02817447173941,34.539962406436366,0.15625
4067,45.67,10,1.0,0.0,0.9999999813298855,-158636.83190774373,-0.0025334660880057666,0.002442586533107504,30.10201654447755,33.097586911889316,0.15625
4068,45.68,10,1.0,0.0,0.9999996993565707,-158628.90044075393,-0.0023497509938380456,0.0025850575447224494,30.066709822642423,34.22726899223789,0.15625
4069,45.69,10,1.0,0.0,0.9999997140781554,-158660.180599739,-0.0024136104405261087,0.0025580213712335887,31.777095449086627,34.84019056322965,0.15625
4070,45.7,10,1.0,0.0,0.9999997958102578,-158608.4692961288,-0.0023788117312146724,0.002293593321553612,28.01461286603871,30.05339092721915,0.15625
4071,45.71,10,1.0,0.0,0.9999999786604041,-158607.6382589169,-0.0024018139808945006,0.0022163143303584633,29.447375112123773,30.543350342468113,0.15625
4072,45.72,10,1.0,0.0,0.9998433427936737,-158722.31877561388,-0.002594694662905026,0.002586133177896026,30.63121624545222,34.06064490993164,0.15625
4073,45.73,10,1.0,0.0,0.9999954611820122,-158641.47680612965,-0.002391655917372285,0.002489139527904776,30.19680661659738,32.421789642830554,0.15625
4074,45.74,10,1.0,0.0,0.9823459239134656,-158578.0694099374,-0.0021196861907043746,0.0025196247981516804,27.409362592068472,35.781919013616964,0.15625
4075,45.75,10,1.0,0.0,0.9997663064921011,-158595.66488111808,-0.002405116424727984,0.0026382342476403598,28.65924762565666,36.34683206222242,0.15625
4076,45.76,10,1.0,0.0,0.9989855728451613,-158657.91711079143,-0.002641890754980883,0.0022286711327780973,33.72127069895332,30.461469888103963,0.15625
4077,45.77,10,1.0,0.0,0.9999835857358035,-158591.9379279659,-0.0023400475851686146,0.0023018636801259173,29.172366117766202,29.697279567906627,0.15625
4078,45.78,10,1.0,0.0,0.9997744631330614,-158675.7688584756,-0.002356194420813643,0.00245751438502397,28.022110519349745,30.572712531867353,0.15625
4079,45.79,10,1.0,0.0,0.9999977690031021,-158561.66874412622,-0.0022797227217561233,0.0025831929776858804,27.401871370392275,32.43317279820183,0.15625
4080,45.8,10,1.0,0.0,0.9999999941469302,-158663.7900424227,-0.0025632296623416422,0.0022811068382392725,32.723462128439195,31.00512918672999,0.15625
4081,45.81,10,1.0,0.0,0.9999999996213973,-158626.74449921702,-0.002734534670597608,0.0026403141576971873,35.15236587887992,36.16161325237969,0.15625
4082,45.82,10,1.0,0.0,0.9999999995057476,-158620.77923900282,-0.0022122722571107883,0.0026748454920796113,27.97245008182643,35.02263181089368,0.15625
4083,45.83,10,1.0,0.0,0.9999999752090689,-158698.4405336765,-0.002136536099897875,0.002413150172424223,25.217139046827185,33.339021012094435,0.15625
4084,45.84,10,1.0,0.0,0.9999999388972964,-158612.56090826634,-0.002608502978367671,0.0023498797989324506,30.846406622351342,33.839088544339106,0.15625
4085,45.85,10,1.0,0.0,0.9999999759123989,-158748.05169790884,-0.0025093278404237787,0.0023179271187205586,32.17389441163267,33.65934134561908,0.15625
4086,45.86,10,1.0,0.0,0.9999998274966977,-158744.8268230342,-0.002231734112814154,0.0027323077388357883,27.61397243586124,36.901493604489154,0.15625
4087,45.87,10,1.0,0.0,0.9997147912820303,-158595.83874142147,-0.0025065661126888413,0.0025664341263514708,32.231464440321005,35.71344463282066,0.15625
4088,45.88,10,1.0,0.0,0.9997368785016674,-158568.56547658736,-0.0024194431310473603,0.0024374367291289476,29.02624797807622,33.82818594190035,0.15625
4089,45.89,10,1.0,0.0,0.9980555002416376,-158594.3078207361,-0.002569087098170339,0.0023810838016421207,30.621428413748138,31.356284153541008,0.15625
4090,45.9,10,1.0,0.0,0.9886080437798502,-158642.54932660665,-0.0026266998871229616,0.0028479036248830795,31.68650013116146,35.91502291209663,0.15625
4091,45.91,10,1.0,0.0,0.9993300762442744,-158712.95341739221,-0.002258985654168701,0.002613363438966246,29.105812705089058,33.62835591473432,0.15625
4092,45.92,10,1.0,0.0,0.8922779175511464,-158571.41097590487,-0.002495818092462339,0.002306891945640499,32.32091508122072,31.09731693770151,0.15625
4093,45.93,10,1.0,0.0,0.9988446312417991,-158638.1498932586,-0.002454329431681503,0.002462789313656753,29.674041907107636,35.15138094719627,0.15625
4094,45.94,10,1.0,0.0,0.9995398650825802,-158585.1394905709,-0.0024630939103508476,0.0025372272122369138,30.303168117097712,36.43930235005958,0.15625
4095,45.95,10,1.0,0.0,0.9999922688093827,-158679.8743881792,-0.0024036293734011915,0.0025482748794777087,30.38480792507027,36.84143201959753,0.15625
4096,45.96,10,1.0,0.0,0.9999857740114937,-158595.61794954585,-0.0024262818748663245,0.0025834458156355697,30.166311612173523,36.15966030331415,0.15625
4097,45.97,10,1.0,0.0,0.9999959728398196,-158625.9708059657,-0.002550445583942989,0.0026338197877799206,30.966268096464113,37.961352342246975,0.15625
4098,45.98,10,1.0,0.0,0.9999994615804021,-158519.65803717021,-0.0023597239797906464,0.002259454338321916,27.817241798396104,30.7494340346584,0.15625
4099,45.99,10,1.0,0.0,0.9879118016265988,-158666.46258746416,-0.00226886855827578,0.002460416148186868,28.854209190082027,34.23180012072856,0.15625
4100,46.0,10,1.0,0.0,0.9982167009834519,-158808.63092321996,-0.0025535558171480544,0.0026988736023403396,32.26497557383034,34.76810206171927,0.15625
4101,46.01,10,1.0,0.0,0.9871013969113318,-158540.60418987417,-0.0024869729462884908,0.0025148490061511265,31.45097606264635,32.525749658812096,0.15625
4102,46.02,10,1.0,0.0,0.9999885114936771,-158768.54337625,-0.002378250013297874,0.002363393414542989,29.160633952434218,33.62954124165843,0.15625
4103,46.03,10,1.0,0.0,0.7520039234368778,-158643.23436525583,-0.0025629633623442563,0.0023503176597121987,28.935377685376192,32.735521404634795,0.15625
4104,46.04,10,1.0,0.0,0.997370366603368,-158622.9939779589,-0.0022451466789455846,0.002391253090000752,28.27687398935985,33.00861757175862,0.15625
4105,46.05,10,1.0,0.0,0.8559657856428674,-158596.49476333172,-0.0022305782359135374,0.0025774355241213803,28.08189958607322,32.711686650864266,0.15625
4106,46.06,10,1.0,0.0,0.9997623334301147,-158692.33122235932,-0.002588469807145861,0.002694025146303723,30.785813828046624,35.69367938834666,0.15625
4107,46.07,10,1.0,0.0,0.9991431155481616,-158647.1290374038,-0.002800895054180777,0.0023438237473485946,34.22045765736409,29.1973264919049,0.15625
4108,46.08,10,1.0,0.0,0.9991493395986063,-158666.34539827963,-0.0023573306948447294,0.0023084018899998445,31.160216591653555,29.977135889304158,0.15625
4109,46.09,10,1.0,0.0,0.9999984203468066,-158686.13078155473,-0.002331511842477323,0.0028712649129156056,27.501161919191375,32.695550112502914,0.15625
4110,46.1,10,1.0,0.0,0.9999999179589513,-158678.73834587957,-0.002256965647095058,0.0023112029769885565,29.686648325830276,31.780190757099327,0.15625
4111,46.11,10,1.0,0.0,0.999993461690678,-158651.34649086604,-0.0026289929596349164,0.0022996511260277917,31.147958027279245,33.089668381766664,0.15625
4112,46.12,10,1.0,0.0,0.999712763296656,-158721.63649972557,-0.0025447623488774602,0.002468697011889023,31.081966938057658,37.817530728533846,0.15625
4113,46.13,10,1.0,0.0,0.9988904141009426,-158580.62904636667,-0.0021338798799761054,0.0023888020466953526,27.457347332438754,34.52791665213302,0.15625
4114,46.14,10,1.0,0.0,0.9984714568197535,-158702.19338320635,-0.002298171170775111,0.0026143297485867307,29.619624872163644,33.52964564701165,0.15625
4115,46.15,10,1.0,0.0,0.8178970689514445,-158758.14790388584,-0.002458768209867792,0.0026295623521251305,31.31150475274325,33.861126193480324,0.15625
4116,46.16,10,1.0,0.0,0.9734627889696738,-158638.96813600644,-0.0025625062233987075,0.002310869884160209,29.939891881346743,30.70288800832221,0.15625
4117,46.17,10,1.0,0.0,0.9962353699553548,-158789.12904174006,-0.002455324292356029,0.0023655340260692426,30.117682632703282,33.2329141302323,0.15625
4118,46.18,10,1.0,0.0,0.9979842010918082,-158626.20018711203,-0.0023967444392623194,0.002728068941683504,30.05005096718166,34.880364896717495,0.15625
4119,46.19,10,1.0,0.0,0.9847029460795316,-158768.2822047162,-0.002223034696581339,0.0025288333228075987,28.324764469889168,35.42323413972536,0.15625
4120,46.2,10,1.0,0.0,0.9990366350847687,-158725.65431951798,-0.0027418951693490646,0.002027290823413123,32.867545205788595,24.925046427122417,0.15625
4121,46.21,9,0.9,0.09999999999999998,0.9714300639937544,-158411.42948122378,-0.002533300174398546,0.002434774510118975,30.907655643801085,31.385147758726855,0.15625
4122,46.22,9,0.9,0.09999999999999998,0.9937258958247337,-158478.67511650926,-0.002430470978980508,0.0027459768322728225,30.862479599118206,32.78249692727672,0.15625
4123,46.23,9,0.9,0.09999999999999998,0.6880222057364681,-158498.33378946336,-0.0023294921199017715,0.002507424799387027,30.366854421956045,33.93725316523333,0.15625
4124,46.24,9,0.9,0.09999999999999998,0.9992549672818499,-158543.33249379715,-0.002645886235809536,0.0023820914697027444,33.11291122713336,34.970283507290986,0.15625
4125,46.25,9,0.9,0.09999999999999998,0.9801600308319695,-158538.41619248176,-0.002593492343571742,0.002387997243420016,30.1429987131847,34.80461976608067,0.15625
4126,46.26,9,0.9,0.09999999999999998,0.9999514287622796,-158480.82327250988,-0.0022201360745292883,0.002382591720950446,26.453835089900867,33.46606699912746,0.15625
4127,46.27,9,0.9,0.09999999999999998,0.9969437842858094,-158508.27850586147,-0.0023359017110123935,0.002427254922457702,27.871766397199938,31.575908213960147,0.15625
4128,46.28,9,0.9,0.09999999999999998,0.9957172855757424,-158509.213505684,-0.0025430905698031053,0.0025363178083042063,31.614044811548652,32.18589889438753,0.15625
4129,46.29,9,0.9,0.09999999999999998,0.9865294681608576,-158585.1018288501,-0.0023907819803422443,0.0023187058425665394,31.150778793461622,30.13407373892194,0.15625
4130,46.3,9,0.9,0.09999999999999998,0.9286309833214293,-158531.20538595275,-0.002626461219678703,0.002273998826172589,33.66390694523158,30.449574018565606,0.15625
4131,46.31,9,0.9,0.09999999999999998,0.9984860123109222,-158558.6907489308,-0.0025816834766104837,0.0026314978289036376,29.87436067509551,32.07559505418798,0.15625
4132,46.32,9,0.9,0.09999999999999998,0.9993094709066774,-158485.37134406395,-0.00214891528626752,0.002346032468787996,25.849953557685453,30.66302658350401,0.15625
4133,46.33,9,0.9,0.09999999999999998,0.9971383769987364,-158602.13669166283,-0.0024094525962726756,0.002264793359815313,28.29157632143331,28.21686389508174,0.15625
4134,46.34,9,0.9,0.09999999999999998,0.991207448444906,-158539.1126096077,-0.0024253839537114845,0.0021652737153238094,31.500538685015098,29.08602713990865,0.15625
4135,46.35,9,0.9,0.09999999999999998,0.998252202645072,-158536.55185234296,-0.0025684741703595466,0.002240530164089545,31.302867972953113,28.75494648529429,0.15625
4136,46.36,9,0.9,0.09999999999999998,0.8744988951136117,-158512.6653172557,-0.002505852196535748,0.002201209141697396,29.08966860396677,29.367904857102484,0.15625
4137,46.37,8,0.8,0.19999999999999996,0.749968722029785,-158413.2374012706,-0.0024332211250841563,0.002285340625749418,30.59092950997392,30.276143442497077,0.15625
4138,46.38,8,0.8,0.19999999999999996,0.7265485557254554,-158459.35823955556,-0.0022773377137972357,0.002640276636115986,27.700376135443054,31.782610823797906,0.15625
4139,46.39,9,0.9,0.09999999999999998,0.20486683766192348,-158496.83565066248,-0.002120493324895922,0.002187849603592545,28.680098770689412,26.48984542995729,0.15625
4140,46.4,9,0.9,0.09999999999999998,0.05481655173882511,-158479.08732976124,-0.0024662923464725366,0.0022585232743170766,29.79346105213107,25.861880860158568,0.15625
4141,46.41,8,0.8,0.19999999999999996,0.6618363188389501,-158495.89733112464,-0.0027123638731459633,0.0024260819247512635,33.75964571837637,28.33002752652553,0.15625
4142,46.42,7,0.7000000000000001,0.29999999999999993,0.5896756631476968,-158319.1934986028,-0.002421186216625212,0.0021948952748407995,32.24997869680758,27.642057598823573,0.15625
4143,46.43,6,0.6000000000000001,0.3999999999999999,0.3685059489693409,-158295.91336813773,-0.002373526326635047,0.002357101183102055,28.34161554837757,29.502433866749616,0.15625
4144,46.44,5,0.5,0.5,0.2154864365083442,-158369.88730093424,-0.0024297616221593023,0.0020225869705326857,28.58254548275906,24.78228727955288,0.15625
4145,46.45,4,0.4,0.6,0.5171066766123446,-158412.69161237826,-0.002363192704198906,0.0022664324647734832,28.16145698914683,27.24929620173068,0.15625
4146,46.46,3,0.30000000000000004,0.7,0.577825359476055,-158359.93348460962,-0.0025995118898649483,0.0023445511651105236,32.68059390090335,24.89239453588811,0.15625
4147,46.47,3,0.30000000000000004,0.7,0.6998338020387487,-158376.10414327707,-0.002432833722134531,0.0023185611580652105,33.14876717906245,25.929516240544892,0.15625
4148,46.48,3,0.30000000000000004,0.7,0.46228453162886796,-158290.0922493115,-0.002440048020593712,0.002364978422235102,32.37552417502306,25.62654546355629,0.15625
4149,46.49,3,0.30000000000000004,0.7,0.44250441050265255,-158319.5125170035,-0.00237977293335881,0.0024413738729015502,29.990948370127104,29.088700580150828,0.15625
4150,46.5,2,0.2,0.8,0.7987144208343491,-158394.40714637635,-0.0024062222981747696,0.002130350349644738,29.495119062129945,26.680973772363178,0.15625
4151,46.51,2,0.2,0.8,0.7950342224982202,-158233.96715213943,-0.002416557484443834,0.00211319699988692,28.62402777951348,25.743965677823592,0.15625
4152,46.52,2,0.2,0.8,0.8425621488547828,-158395.54428647074,-0.002263932303711811,0.002225561253855194,29.971191803809184,26.589853557912694,0.15625
4153,46.53,1,0.1,0.9,0.9288397674583847,-158317.0455804451,-0.0024228054392760393,0.002429765097236213,33.47261446793774,28.001491514419012,0.15625
4154,46.54,1,0.1,0.9,0.9999092555353878,-158432.06562634013,-0.0025607449314409337,0.00242080995320621,33.82642725738006,29.216740233381124,0.15625
4155,46.55,1,0.1,0.9,0.9985718740814491,-158305.07457484823,-0.0026495479863635645,0.0020250775561816525,36.735195146152755,25.279379970254297,0.15625
4156,46.56,1,0.1,0.9,0.9918128344616053,-158372.89721330564,-0.0022163839608360983,0.0020879838957519126,28.817561403540388,24.281752918788136,0.15625
4157,46.57,1,0.1,0.9,0.9908479459017984,-158355.53145191114,-0.002186825778192155,0.0024296131339864896,27.806647385097968,27.188411217240308,0.15625
4158,46.58,1,0.1,0.9,0.867173984039271,-158459.23977640682,-0.0025637719538263034,0.0025018387283745475,30.764669678934943,29.76926711917585,0.15625
4159,46.59,1,0.1,0.9,0.999741507357259,-158383.04512862128,-0.0025438893949938364,0.002087508123774651,29.827209488703577,26.586551105483046,0.15625
4160,46.6,2,0.2,0.8,0.07251422598077763,-158298.9402479561,-0.0021465465039539476,0.0020785194876670626,27.500630200985164,27.050448317281326,0.15625
4161,46.61,2,0.2,0.8,0.9083182172049257,-158345.05294038943,-0.002557756119239891,0.002543060274210081,31.609486253869154,27.032504437672692,0.15625
4162,46.62,2,0.2,0.8,0.7834672038904441,-158396.6390259769,-0.002365881738755822,0.002418325053292748,34.17723967404851,26.682667076917102,0.15625
4163,46.63,2,0.2,0.8,0.7052603844403822,-158384.83398210283,-0.0023603335823658158,0.0022640098244822004,32.274072605968854,27.015009074900835,0.15625
4164,46.64,1,0.1,0.9,0.9899545897083507,-158291.9235177981,-0.002769015739006064,0.002050333785769295,35.95453160100341,25.808653973531428,0.15625
4165,46.65,1,0.1,0.9,0.9979078926879603,-158308.17479717333,-0.002309623710728205,0.0020313333255953256,28.092743766522595,24.86326850220284,0.15625
4166,46.66,1,0.1,0.9,0.9994061927964144,-158393.82299788966,-0.00224062310176208,0.00226848002902034,27.5747755907941,27.27363254838665,0.15625
4167,46.67,1,0.1,0.9,0.970556193005941,-158402.06610228552,-0.002557333443258842,0.002416832290721636,32.5623888022011,26.644818437071343,0.15625
4168,46.68,1,0.1,0.9,0.9987035231695791,-158406.78968746495,-0.0023148319000859904,0.002493309924920565,33.71211218114541,30.77640792925986,0.15625
4169,46.69,1,0.1,0.9,0.9873541562302652,-158373.33010019586,-0.0024392274936324287,0.002388648282241136,32.73863596078909,27.148687603170895,0.15625
4170,46.7,1,0.1,0.9,0.9961521314430538,-158386.45433136445,-0.0026913795032039983,0.0020325776111653816,34.40413848509781,23.98860623782611,0.15625
4171,46.71,1,0.1,0.9,0.896964486640983,-158340.8308950954,-0.0022818462149246333,0.002054325761816659,28.925735977766095,24.182201260219152,0.15625
4172,46.72,1,0.1,0.9,0.9825235211667371,-158399.994423363,-0.002003552826118128,0.0025420244174329453,24.902130700062262,30.113226770121464,0.15625
4173,46.73,1,0.1,0.9,0.9942168104763204,-158321.75284742346,-0.002445615054838612,0.0023417506436859913,30.596010320302707,29.32386002547231,0.15625
4174,46.74,1,0.1,0.9,0.9996138307242057,-158458.62555878417,-0.002600590212208162,0.0021603795374776818,34.16852075141531,27.75120014224157,0.15625
4175,46.75,1,0.1,0.9,0.9483461813687315,-158394.44156481934,-0.002618461802904078,0.002335320132174454,34.217250100213924,25.721712192892962,0.15625
4176,46.76,1,0.1,0.9,0.7382697938159999,-158238.23176034176,-0.002404886657616971,0.0023319751948723973,35.55825278789378,25.91125477697803,0.15625
4177,46.77,1,0.1,0.9,0.9305598404973613,-158405.9298418927,-0.0023975258815405716,0.002424826095093378,31.293010350139625,26.977167389653783,0.15625
4178,46.78,1,0.1,0.9,0.9876606515591969,-158352.99920405087,-0.002268386464148949,0.002020080672805463,28.604468198323616,27.961037521097378,0.15625
4179,46.79,1,0.1,0.9,0.9965352320781824,-158429.13761121413,-0.002566401913807684,0.002169856935364965,29.377510488990257,28.12874499190961,0.15625
4180,46.8,1,0.1,0.9,0.9378890988089162,-158408.58890502446,-0.002493053453036663,0.002708739802231448,29.76475908767325,30.25251855898979,0.15625
4181,46.81,2,0.2,0.8,0.40780655903263696,-158366.72294422306,-0.0020304251357484344,0.0021955709394076077,28.897299205939937,25.246321784971776,0.15625
4182,46.82,2,0.2,0.8,0.916009815929893,-158417.77751008194,-0.002590924039592195,0.0021370073324972153,36.2214635338864,23.101945877675742,0.15625
4183,46.83,3,0.30000000000000004,0.7,0.40245829726745147,-158363.8542190686,-0.0023549343721599877,0.002402189424075097,31.42415759404263,27.19277154645918,0.15625
4184,46.84,4,0.4,0.6,0.45851680818451646,-158342.29781598135,-0.0023201432539898944,0.0022193391734703022,29.86637134048667,27.63175723698536,0.15625
4185,46.85,4,0.4,0.6,0.4981560947219354,-158249.79757845783,-0.0028252546745906534,0.0025844530866680274,31.51449408917782,30.280497294081417,0.15625
4186,46.86,3,0.30000000000000004,0.7,0.676208023240061,-158270.1767687906,-0.0022670735042590504,0.0022804054248971696,27.110949973688005,27.172279359987858,0.15625
4187,46.87,3,0.30000000000000004,0.7,0.50044396006259,-158406.68669803118,-0.0023645642783270636,0.0018671272448301027,29.432648145562,21.52835952454831,0.15625
4188,46.88,2,0.2,0.8,0.2181790405290036,-158357.18310022168,-0.002625586367739539,0.002211646412240265,34.37066227691937,24.69827557975914,0.15625
4189,46.89,1,0.1,0.9,0.9139279340363734,-158376.39191976027,-0.0023475144346789354,0.0024608879372038945,34.463021987732944,29.869501234674726,0.15625
4190,46.9,1,0.1,0.9,0.999692976052066,-158384.99324241537,-0.0024408895809577315,0.0024542981205223496,32.57913244167287,28.69999990088929,0.15625
4191,46.91,1,0.1,0.9,0.9972778727083275,-158418.52502212208,-0.0022689746636159235,0.002408318576371627,29.831854833534223,28.690007547113353,0.15625
4192,46.92,1,0.1,0.9,0.974588614230466,-158285.07777596873,-0.0021217946286741125,0.0020979251118858453,25.441242934837113,25.315382841232804,0.15625
4193,46.93,1,0.1,0.9,0.9723285402324202,-158433.49098840318,-0.0025678880376617404,0.0021316062219479794,31.478365182463172,25.517281641634394,0.15625
4194,46.94,1,0.1,0.9,0.7559666362779962,-158381.54691364215,-0.0026593303264487458,0.002524116246302677,33.39876181573062,28.286048207914114,0.15625
4195,46.95,1,0.1,0.9,0.8149860004849679,-158356.9458305798,-0.0024047448604414593,0.0022611262262305417,33.051255482753795,27.899900649170362,0.15625
4196,46.96,1,0.1,0.9,0.9886650724303363,-158471.10092006254,-0.002523819437720958,0.002131023560097886,32.63426006029799,26.12408991946839,0.15625
4197,46.97,1,0.1,0.9,0.9914836683370284,-158348.31642746468,-0.0024478712141449113,0.0021810946276922833,32.2535629788044,26.080311859966436,0.15625
4198,46.98,1,0.1,0.9,0.9981601322800455,-158325.0964256292,-0.002069542274688212,0.0026426575853846198,26.85865662308824,29.963009163431902,0.15625
4199,46.99,1,0.1,0.9,0.982712154803973,-158363.64509148774,-0.0023540257343325705,0.002560111535203383,31.935575703089743,30.33834303146815,0.15625
4200,47.0,1,0.1,0.9,0.6829839258618254,-158345.32973673608,-0.0026190427847959754,0.0020684077754056164,33.625360283295684,24.03171909875535,0.15625
4201,47.01,2,0.2,0.8,0.9051688220005203,-158409.1699979248,-0.0024307506625058568,0.0018618764372437518,33.08269303809549,23.23770391165766,0.15625
4202,47.02,2,0.2,0.8,0.8729856065709403,-158379.77730627847,-0.0024460101301291936,0.002267971358500335,29.613797072020777,25.631707835528346,0.15625
4203,47.03,2,0.2,0.8,0.8908990557769483,-158339.21008494645,-0.002315758884458143,0.002379351928337479,32.0059028089013,28.599286639224296,0.15625
4204,47.04,3,0.30000000000000004,0.7,0.5416308060890118,-158405.4082465995,-0.0023947014078066326,0.0024173378586555827,28.55538926106125,27.43242750474988,0.15625
4205,47.05,3,0.30000000000000004,0.7,0.6845062129061167,-158390.00458701033,-0.0024739527509860227,0.0022934265082050647,30.842069140658687,28.28175291170392,0.15625
4206,47.06,3,0.30000000000000004,0.7,0.677403662784183,-158263.66224882714,-0.0025949984412638556,0.002184898904120796,30.163066603290538,23.773362198776358,0.15625
4207,47.07,4,0.4,0.6,0.5544148117759292,-158408.1696315675,-0.0021958543045097704,0.002277925304579278,28.23827449502252,25.552660859439253,0.15625
4208,47.08,4,0.4,0.6,0.4387957373044818,-158303.11236964632,-0.0024339935144795503,0.0023647252902613625,31.756505792253098,26.178123241930738,0.15625
4209,47.09,3,0.30000000000000004,0.7,0.7299681411189416,-158309.92656543409,-0.0025915616769543784,0.00226018183774778,32.86690787530209,27.88538755181389,0.15625
4210,47.1,3,0.30000000000000004,0.7,0.4742897790131586,-158305.8984383196,-0.0025069990943052496,0.00213807615166805,34.028660066532375,27.668782386162516,0.15625
4211,47.11,2,0.2,0.8,0.5216899612395277,-158336.218072232,-0.0024953898659113368,0.002480972574397521,29.334279156741527,28.251397782269347,0.15625
4212,47.12,2,0.2,0.8,0.9390421673975112,-158445.54264872198,-0.0023722689815801924,0.0021031022744859708,30.216316933942323,23.1520296576888,0.15625
4213,47.13,2,0.2,0.8,0.5111440232976648,-158364.10959928206,-0.0021323473599113886,0.0022654353897265177,26.894848317036573,26.224105970324306,0.15625
4214,47.14,1,0.1,0.9,0.8941655523927308,-158395.14861206332,-0.0026051326323402344,0.0025205624795574667,36.436673763485594,29.387911259572594,0.15625
4215,47.15,1,0.1,0.9,0.979647529143818,-158379.22789748845,-0.0024617955335927482,0.0023566670992986333,34.59886162888674,28.553000933341686,0.15625
4216,47.16,2,0.2,0.8,0.013927791772214326,-158286.86384080476,-0.00232748868625763,0.0021542945218407696,31.389922410283738,26.516321607726024,0.15625
4217,47.17,2,0.2,0.8,0.8699576849032133,-158449.75413392458,-0.002419454723121023,0.0022491061874786037,28.967658576623656,23.964964398755235,0.15625
4218,47.18,2,0.2,0.8,0.7446845285288578,-158308.2903240741,-0.0022885553560588077,0.0023379602417969523,27.707027261831787,26.52591439072215,0.15625
4219,47.19,1,0.1,0.9,0.05191812097615849,-158321.36049012977,-0.0023746963981507605,0.0022477077084477317,31.66788099056042,27.071526876348784,0.15625
4220,47.2,1,0.1,0.9,0.7905337341095298,-158471.95286237146,-0.002708956385961461,0.002399520693851965,33.643156458349715,30.571500734303587,0.15625
4221,47.21,1,0.1,0.9,0.9831574994136162,-158361.91214917874,-0.002511506198867606,0.002347561632870474,32.45718181726304,28.878331361438114,0.15625
4222,47.22,1,0.1,0.9,0.5552870844950141,-158441.23100618244,-0.00228848545737807,0.0021168301462188427,28.668569075365827,24.647515281762452,0.15625
4223,47.23,1,0.1,0.9,0.9389934909249626,-158300.30748738602,-0.00217890112722478,0.0018993697142470894,30.71069052639154,21.912603296661235,0.15625
4224,47.24,1,0.1,0.9,0.8671730163045177,-158446.52259213175,-0.0023365755911580036,0.0025846374282300416,30.909530908510703,28.945137165645853,0.15625
4225,47.25,1,0.1,0.9,0.9980762679763052,-158286.8216797,-0.0027083849112026735,0.0024697765370616876,34.89317390884874,30.197790414701302,0.15625
4226,47.26,1,0.1,0.9,0.6113813974214706,-158453.31597119977,-0.0023277998652186356,0.0021315166993526183,31.663471451509935,27.810248158055877,0.15625
4227,47.27,2,0.2,0.8,0.6991698663307953,-158329.9025112152,-0.0024504553710951683,0.0022406413424839633,29.426025167493897,25.096988748952253,0.15625
4228,47.28,3,0.30000000000000004,0.7,0.7376681911705232,-158376.91162007747,-0.0022769100973307984,0.002363996455653421,28.26716805196771,27.177052951089784,0.15625
4229,47.29,3,0.30000000000000004,0.7,0.6262181846694277,-158293.47695661976,-0.0024940718289999447,0.0020359507280228437,32.27504920864748,23.076352456156595,0.15625
4230,47.3,2,0.2,0.8,0.5034275329520872,-158254.22218677428,-0.002637823218656462,0.002191927659909188,34.155372346355236,24.765710902584598,0.15625
4231,47.31,4,0.4,0.6,0.15440066326542878,-158304.7973046641,-0.002256456397916922,0.002668096146018816,30.93241724523224,30.87599301775107,0.15625
4232,47.32,4,0.4,0.6,0.4603984433601964,-158334.0868906774,-0.0023543471901046093,0.0025719403262052447,28.59463908091932,28.99065016414836,0.15625
4233,47.33,5,0.5,0.5,0.5216358537477652,-158344.95110188174,-0.0024895964962435646,0.002271510373885301,29.862427329334157,28.50621043569881,0.15625
4234,47.34,5,0.5,0.5,0.6194818492941396,-158252.7546270532,-0.0024649972456344243,0.0018948542194250804,29.21925647378846,23.65496278831308,0.15625
4235,47.35,5,0.5,0.5,0.5927795368192017,-158281.52466164908,-0.002339245599743057,0.0020036223447379153,28.531896279541627,24.481999507764105,0.15625
4236,47.36,4,0.4,0.6,0.29336555270915515,-158277.06093562773,-0.0023561626949462028,0.0023258690480197127,29.874717481993006,26.929661545334667,0.15625
4237,47.37,4,0.4,0.6,0.5232363376128415,-158260.56208605543,-0.002662144692974247,0.002306904278756285,34.41770394533296,27.246757844644787,0.15625
4238,47.38,3,0.30000000000000004,0.7,0.3846712717901299,-158332.4771263942,-0.0024872866564743536,0.00249666906902076,30.936428206001924,26.23423110227965,0.15625
4239,47.39,2,0.2,0.8,0.2330118361570083,-158338.9691002755,-0.002147295771324612,0.0025951956506176373,28.41424345146324,29.155881692277017,0.15625
4240,47.4,1,0.1,0.9,0.6952449477832918,-158282.78320231973,-0.0025919125299539453,0.0021552850083157273,31.218632413173477,24.04437044116013,0.15625
4241,47.41,1,0.1,0.9,0.7821111778140871,-158319.62909286696,-0.0024603022374260733,0.0020069314067023445,32.56057703960763,26.591748020617853,0.15625
4242,47.42,1,0.1,0.9,0.6449863547335283,-158334.02396552873,-0.002503743492798901,0.002422971638871367,31.16814728866363,30.030430014564477,0.15625
4243,47.43,1,0.1,0.9,0.9162236761647211,-158368.5653603654,-0.0024257545405946225,0.0024199981489230193,31.52357138092353,28.814928619204643,0.15625
4244,47.44,2,0.2,0.8,0.7770662291657857,-158216.76798987793,-0.0022354689341931877,0.0021053338785638424,31.567123234843233,24.442899213839386,0.15625
4245,47.45,2,0.2,0.8,0.8830398840352738,-158203.13097595028,-0.0023326792803415727,0.0021668779192074547,29.883462881217543,22.759154497564708,0.15625
4246,47.46,2,0.2,0.8,0.8721645163140799,-158225.31493565437,-0.002316521177551147,0.002320344154250521,31.442090605092538,28.46611189373508,0.15625
4247,47.47,3,0.30000000000000004,0.7,0.4654880966943805,-158269.44123249466,-0.002590537944093631,0.0023389618586296024,32.2688949223786,28.760544304165215,0.15625
4248,47.48,3,0.30000000000000004,0.7,0.7556945534547386,-158356.1993295701,-0.0028065108623189653,0.0021829001612025723,34.7101740480985,26.271091191736623,0.15625
4249,47.49,3,0.30000000000000004,0.7,0.7121654141528206,-158260.6825221468,-0.0021761208771773712,0.002323719527858108,27.67085109471594,26.491397092015326,0.15625
4250,47.5,4,0.4,0.6,0.4681516600263031,-158194.07013507237,-0.0023746639419309074,0.002418924320123354,30.771622022742044,26.246582431854208,0.15625
4251,47.51,2,0.2,0.8,0.2820765546027519,-158351.41773844973,-0.002433813240273203,0.0022494447056212686,29.089889178725333,25.052508573294517,0.15625
4252,47.52,2,0.2,0.8,0.48171188777527335,-158342.21083214192,-0.002411286764744298,0.002322999495195998,30.6104358009152,28.56648817809222,0.15625
4253,47.53,2,0.2,0.8,0.35612739258199455,-158357.67551356106,-0.0025243657442369635,0.0023505076680512874,29.654464587477648,27.430798634499308,0.15625
4254,47.54,2,0.2,0.8,0.6892807863003078,-158226.43293781226,-0.002316861907145851,0.0022650866013647106,30.696997618673414,28.256322054283107,0.15625
4255,47.55,3,0.30000000000000004,0.7,0.5476982544170435,-158297.8127588232,-0.0023989258329741477,0.002023684651346585,32.71368697085221,22.206298570101428,0.15625
4256,47.56,4,0.4,0.6,0.4350907482139003,-158217.83396275376,-0.0024806746246775454,0.0023568940704987904,32.81112920073254,25.08841087230847,0.15625
4257,47.57,4,0.4,0.6,0.16957789710467813,-158272.58650714208,-0.0024160758046579594,0.002514045327025073,31.162848483331235,28.64771183247248,0.15625
4258,47.58,3,0.30000000000000004,0.7,0.36610713447251897,-158303.61273043396,-0.0025055511774802314,0.0020887958830412886,30.13856043736441,26.926695097009183,0.15625
4259,47.59,3,0.30000000000000004,0.7,0.5239967262621993,-158142.54406448468,-0.002419652898664555,0.0020932643317182423,28.68839315878258,26.279654256229968,0.15625
4260,47.6,3,0.30000000000000004,0.7,0.47117681074649137,-158342.3229305941,-0.002192755388645464,0.002471650131159771,26.442690495876175,27.85180061513327,0.15625
4261,47.61,3,0.30000000000000004,0.7,0.6592105795202702,-158286.57965882993,-0.0024977350930523398,0.0025252488205794047,31.93699200296027,26.46925413613815,0.15625
4262,47.62,3,0.30000000000000004,0.7,0.6975097523413804,-158406.20600805385,-0.002580381550767194,0.002072849336326804,37.21037199870716,24.475433286112008,0.15625
4263,47.63,2,0.2,0.8,0.4180298811261133,-158197.751220863,-0.00245991935714236,0.002256986501157238,31.897450412532642,24.97455438984194,0.15625
4264,47.64,1,0.1,0.9,0.3290365609602219,-158269.6154933423,-0.0021365074488056265,0.0024647816662490916,27.04252672251969,28.11161233305454,0.15625
4265,47.65,1,0.1,0.9,0.9417610454142458,-158311.49439473124,-0.0023552560126935285,0.0022696701688474943,26.10818986661258,27.251007478557657,0.15625
4266,47.66,1,0.1,0.9,0.9443907074396768,-158275.4241112239,-0.0025176714701493157,0.0020044934389572226,31.79342847982113,26.771481526095513,0.15625
4267,47.67,1,0.1,0.9,0.9778892045664247,-158378.14254934722,-0.002508375033967004,0.0022992679380053494,33.04427616967763,26.98549403997034,0.15625
4268,47.68,1,0.1,0.9,0.9163471314805374,-158316.30619676257,-0.00238932590477629,0.0023294705021454963,37.25702020329479,26.97845311194123,0.15625
4269,47.69,2,0.2,0.8,0.31018906208101715,-158332.78779892612,-0.0021931391686534326,0.0022211140869822033,31.598938037356167,24.897329587018152,0.15625
4270,47.7,2,0.2,0.8,0.5000494105353688,-158326.53654910688,-0.002612055429864901,0.0023831589936337684,32.53715098652057,28.107735086283245,0.15625
4271,47.71,1,0.1,0.9,0.9690226177527147,-158369.1292535274,-0.0022608841039678425,0.0021736842983914742,26.285451735539926,26.301800644316945,0.15625
4272,47.72,2,0.2,0.8,0.5662053834983437,-158275.1852970955,-0.0023529927257162878,0.002200642907449092,28.022094996164785,26.70772286659578,0.15625
4273,47.73,2,0.2,0.8,0.8207323325982979,-158334.34602334857,-0.002566191156299276,0.002466443967568614,32.18064659794921,28.688860056833338,0.15625
4274,47.74,2,0.2,0.8,0.44313212602242824,-158410.0458728739,-0.00239768815265657,0.0024482091133997226,32.48420968630119,28.268798486549322,0.15625
4275,47.75,2,0.2,0.8,0.5991893592960187,-158290.87641306326,-0.00217238896266094,0.0022696402753068024,29.17776387838427,26.05602829609292,0.15625
4276,47.76,2,0.2,0.8,0.8099584817362939,-158281.4228429415,-0.002695562620879537,0.002133563742497667,32.80352436030223,25.69205071912697,0.15625
4277,47.77,1,0.1,0.9,0.4577237056709587,-158325.96710256202,-0.0026280882928469826,0.002024770697471062,30.46165268809852,23.125914684925018,0.15625
4278,47.78,1,0.1,0.9,0.9131664448550137,-158341.78653223495,-0.0023041097453851194,0.0020625325490025593,29.436981441268397,25.64289009661473,0.15625
4279,47.79,1,0.1,0.9,0.9054644402815482,-158332.97564810785,-0.002495125527233254,0.0025195937322840395,31.98618509205018,29.31450869522847,0.15625
4280,47.8,1,0.1,0.9,0.999154906172376,-158322.17838104794,-0.002326842702080914,0.0021912360475217748,33.25751224468499,27.449339122168414,0.15625
4281,47.81,1,0.1,0.9,0.9822006106976953,-158264.25498208826,-0.0022203639883952683,0.00198219747700384,31.597696486761198,25.496842949719195,0.15625
4282,47.82,1,0.1,0.9,0.9837658578552938,-158274.26097238687,-0.002380960256758891,0.0025448867627751335,30.311568536233978,27.086686759874375,0.15625
4283,47.83,1,0.1,0.9,0.9866224745732727,-158365.54029941815,-0.002325541043487317,0.0024034881830898246,30.838222025797645,28.535014605734084,0.15625
4284,47.84,1,0.1,0.9,0.9985126304844009,-158366.68884020462,-0.0025694572768254955,0.0020428535023918636,32.67784008815196,23.859441830989734,0.15625
4285,47.85,1,0.1,0.9,0.7915106083370311,-158359.39686073558,-0.0025413148307758203,0.0024679036987458624,33.465621154045614,30.089484107001315,0.15625
4286,47.86,2,0.2,0.8,0.12774936501515227,-158132.09872701328,-0.002249434021701083,0.0022992274500487258,28.719013068056643,27.512199817725804,0.15625
4287,47.87,3,0.30000000000000004,0.7,0.5837830496994664,-158301.9622625239,-0.0025833677414495793,0.002049115700974832,33.403995888567245,24.784478197064153,0.15625
4288,47.88,3,0.30000000000000004,0.7,0.7377288321653908,-158331.13024438813,-0.002499658096123235,0.0023459852815956115,30.742780878448194,24.963191261275746,0.15625
4289,47.89,3,0.30000000000000004,0.7,0.24926767632773955,-158229.54799347743,-0.0022623156968361534,0.002557591520962435,29.460239704909334,28.562082481250986,0.15625
4290,47.9,4,0.4,0.6,0.18553888364167279,-158294.57060676676,-0.0024305713812598035,0.002237278666606313,29.306845106532343,26.568381306826645,0.15625
4291,47.91,3,0.30000000000000004,0.7,0.5943491275745713,-158307.81908680568,-0.002564097326447445,0.0018383149460188472,33.41307851439559,23.943853827195117,0.15625
4292,47.92,3,0.30000000000000004,0.7,0.6114610655195636,-158208.40637021675,-0.002149456271368755,0.0023586132041937095,26.75510128886304,26.785302628506287,0.15625
4293,47.93,3,0.30000000000000004,0.7,0.6431092295973937,-158181.65026751722,-0.002337020542435327,0.0026364919487751074,27.27677439133568,28.900447786109446,0.15625
4294,47.94,3,0.30000000000000004,0.7,0.25832874334858597,-158389.8629314667,-0.0025174854409466736,0.0020481816673231295,29.619319339767703,25.050502259267205,0.15625
4295,47.95,2,0.2,0.8,0.5647500773307688,-158234.34168253635,-0.0025288513603404627,0.0021180780329072024,29.57509953053037,25.61920265823439,0.15625
4296,47.96,2,0.2,0.8,0.6418246848888566,-158309.77995840498,-0.0023173812709968195,0.002528139222793271,29.278158821351962,28.585470390932247,0.15625
4297,47.97,2,0.2,0.8,0.8044583711221659,-158220.07769896774,-0.00234270294698802,0.002301544898288414,32.82861708116899,25.90177742590487,0.15625
4298,47.98,2,0.2,0.8,0.30921278376932915,-158310.6614590834,-0.0024327444193996536,0.002135695188501551,32.9792137969277,24.366813792566443,0.15625
4299,47.99,1,0.1,0.9,0.7343643126464199,-158444.58800296782,-0.0026063556080486066,0.0022521032832049865,33.91964169419057,25.32910050253318,0.15625
4300,48.0,1,0.1,0.9,0.9982080732767136,-158199.90455935037,-0.0023088044315742336,0.002394543093422211,30.401432465859827,29.541439432870195,0.15625
4301,48.01,1,0.1,0.9,0.9642710485100876,-158388.4868053042,-0.0024010600205840523,0.0022895110045873506,30.752666993330205,28.370641658672454,0.15625
4302,48.02,1,0.1,0.9,0.7185969463406786,-158316.04109959136,-0.0025152896608750057,0.0024149882686368717,31.10006572966934,29.11927211222961,0.15625
4303,48.03,2,0.2,0.8,0.12523501355277478,-158321.04869962734,-0.0026094211954084774,0.0020463476490296417,34.60552628304617,24.37463921260814,0.15625
4304,48.04,3,0.30000000000000004,0.7,0.4913650634089019,-158317.99357148414,-0.00229818588371478,0.0023883793535122958,30.486552843529317,27.21237888003778,0.15625
4305,48.05,3,0.30000000000000004,0.7,0.42425761045376276,-158196.22224696586,-0.0022150275683283168,0.0023305309211021077,30.757355053155536,25.586801318463657,0.15625
4306,48.06,3,0.30000000000000004,0.7,0.46140668261521867,-158271.9228044863,-0.00228870960694855,0.002304090970435992,28.28266437874076,26.577176613986367,0.15625
4307,48.07,3,0.30000000000000004,0.7,0.17089383888295318,-158291.03850287417,-0.0027068477552480547,0.002354361934867498,29.53137764553127,28.23410339271813,0.15625
4308,48.08,4,0.4,0.6,0.7792937245578262,-158126.29929831196,-0.002519646154089337,0.002116743514664017,29.100349411502204,25.017138124868502,0.15625
4309,48.09,4,0.4,0.6,0.7872198274302763,-158264.13613250756,-0.002417035998532151,0.0023805725147914795,30.07339231084243,27.574052094605058,0.15625
4310,48.1,4,0.4,0.6,0.6578450430090566,-158242.59243020142,-0.0023543433062651604,0.002229553430906239,30.639931315698853,24.27678731473373,0.15625
4311,48.11,4,0.4,0.6,0.1961000179617215,-158335.12739911102,-0.0024222386557562394,0.0019325137573537668,34.23423773191873,22.768891494923093,0.15625
4312,48.12,2,0.2,0.8,0.40527481606483395,-158269.4168438165,-0.002347051535755253,0.0024283590373140908,29.085252120930924,26.87588889155628,0.15625
4313,48.13,4,0.4,0.6,0.23770139886443936,-158379.63061601008,-0.002372428701040141,0.0026385520365964595,29.600014677244538,30.65357321593087,0.15625
4314,48.14,5,0.5,0.5,0.33224099278096997,-158261.50499545303,-0.0024125381325630657,0.002141070804966955,30.218690968259253,26.014178139101393,0.15625
4315,48.15,4,0.4,0.6,0.5016282704869515,-158229.9501008965,-0.0024063347305921055,0.002028676885536334,29.114843421549768,24.56655242121281,0.15625
4316,48.16,5,0.5,0.5,0.08805600235589267,-158358.23313341298,-0.002444260112869805,0.00241074712246847,30.324720598026005,26.412097426605374,0.15625
4317,48.17,5,0.5,0.5,0.5369672790637084,-158325.52988190987,-0.002234888982960747,0.0024054868393994858,31.524140781634458,26.28396783850316,0.15625
4318,48.18,5,0.5,0.5,0.6580474739063885,-158241.86316292777,-0.002442725014264558,0.002530611949546064,31.172529409246437,28.765955689209733,0.15625
4319,48.19,5,0.5,0.5,0.27849948414871606,-158365.03031232866,-0.00278107470491498,0.002111292172719193,34.16527165397555,25.278782181840008,0.15625
4320,48.2,4,0.4,0.6,0.5393816288453256,-158217.12805378498,-0.0021785733938381683,0.0020632012345701113,25.156487194850193,24.31956445115104,0.15625
4321,48.21,4,0.4,0.6,0.6872826629395768,-158341.8813888323,-0.002378410066798424,0.0022422882472343322,26.979443873728503,25.82465365560022,0.15625
4322,48.22,5,0.5,0.5,0.3527660066198493,-158287.66510714573,-0.002666662791383732,0.002152922143762739,32.741886926368345,24.877545342891537,0.15625
4323,48.23,4,0.4,0.6,0.4867801273971523,-158250.5227246319,-0.0024349065240082926,0.002276314300269076,32.57340197784983,26.78753365650965,0.15625
4324,48.24,3,0.30000000000000004,0.7,0.6458660523374505,-158248.64028555644,-0.002425725700674717,0.002684715331874069,31.5529597367507,30.64545373022912,0.15625
4325,48.25,2,0.2,0.8,0.5794879116694669,-158352.67114630638,-0.0023240452666529153,0.0021620535011626987,29.895260731131657,24.40139554063058,0.15625
4326,48.26,1,0.1,0.9,0.4263687734209031,-158397.07010451742,-0.0020868091514315884,0.0019109224629182805,26.194746674557166,23.345646383893445,0.15625
4327,48.27,1,0.1,0.9,0.9724744275377978,-158303.05604536406,-0.002411077107211038,0.002279270498471135,29.905667969706748,26.980159184788207,0.15625
4328,48.28,1,0.1,0.9,0.9232776144466215,-158408.1814901623,-0.002748213024623165,0.002643887205856339,33.84031925021236,30.25366592419273,0.15625
4329,48.29,2,0.2,0.8,0.1351127864415671,-158332.14370028392,-0.002481632863733968,0.0024619765084001187,34.63250274444875,31.247258040599895,0.15625
4330,48.3,2,0.2,0.8,0.8455221063842112,-158398.7492842657,-0.002458498919219954,0.0021364404567157267,33.07236218317177,24.16884890049668,0.15625
4331,48.31,2,0.2,0.8,0.7852879310458093,-158301.26222046625,-0.002202937659768418,0.0020745667469288112,32.44831295955355,23.966708063520375,0.15625
4332,48.32,4,0.4,0.6,0.039796510672349586,-158265.70155413361,-0.002181324148998782,0.0020992715044002956,27.903098690984127,23.448512422361215,0.15625
4333,48.33,6,0.6000000000000001,0.3999999999999999,0.15087787688751375,-158313.34395812996,-0.0026182279329102416,0.002358401249878684,31.34191527645221,29.034809241851676,0.15625
4334,48.34,7,0.7000000000000001,0.29999999999999993,0.38190451001933495,-158349.4451565979,-0.0026808347826342113,0.0023939284387320837,31.460897835078466,30.315747607387053,0.15625
4335,48.35,5,0.5,0.5,0.3359429102443286,-158326.6065472857,-0.0021850912212198524,0.002362319360199475,25.9849218925949,29.395937671862672,0.15625
4336,48.36,5,0.5,0.5,0.5646934410629539,-158372.21956987475,-0.002237508625275195,0.0022016438964747743,28.133209836010543,24.916977486547964,0.15625
4337,48.37,4,0.4,0.6,0.6058693138661997,-158287.76530856668,-0.0023318181226267432,0.002180810348338243,28.140248167955928,24.440011987730244,0.15625
4338,48.38,4,0.4,0.6,0.5846157664530267,-158244.26879960654,-0.0025821052452403566,0.002235628746444679,29.383025035581603,24.433603951313184,0.15625
4339,48.39,3,0.30000000000000004,0.7,0.7157391026653552,-158305.7636342236,-0.002552371230735606,0.002262365878324628,32.40280516903475,26.498255999450578,0.15625
4340,48.4,2,0.2,0.8,0.7179431413946626,-158382.10397455745,-0.0023927571427689964,0.002407432601111096,31.7586094936816,27.951688394194864,0.15625
4341,48.41,2,0.2,0.8,0.339975450761501,-158280.57202461202,-0.002437152773805955,0.002274320150631345,33.84528694802207,25.74521885537502,0.15625
4342,48.42,1,0.1,0.9,0.674027570941701,-158286.5772053356,-0.002464005714685362,0.002279368633022842,33.4107741728098,28.150610525274416,0.15625
4343,48.43,1,0.1,0.9,0.9940370292840749,-158411.7723826389,-0.002613636893116199,0.0020543693800832313,32.16440774917891,24.507350386027245,0.15625
4344,48.44,2,0.2,0.8,0.1941377054522072,-158252.01985815726,-0.0021774814534198895,0.002338977341865375,27.923595480279296,29.475062289042647,0.15625
4345,48.45,2,0.2,0.8,0.5060148033252845,-158316.65164870655,-0.002196310346251527,0.0026526052583421447,28.793420638282825,29.834229897840977,0.15625
4346,48.46,2,0.2,0.8,0.6885052450329031,-158373.4437372907,-0.002358123128462094,0.002457283641996875,28.8719248217453,26.499458218857516,0.15625
4347,48.47,2,0.2,0.8,0.3435735677072052,-158230.75167595607,-0.0025438287442378998,0.0019020043727072714,35.42201664065454,22.869964767474258,0.15625
4348,48.48,2,0.2,0.8,0.15014351515619448,-158296.71141251404,-0.002756495190017657,0.0022157331311045145,34.67374820261203,24.84668112386462,0.15625
4349,48.49,3,0.30000000000000004,0.7,0.7305303972286197,-158223.3992477278,-0.0022890353088939643,0.0025684810413683147,30.851608240614144,29.965308827647963,0.15625
4350,48.5,3,0.30000000000000004,0.7,0.5021951305262573,-158238.43734456872,-0.002270725968787193,0.0023645207812990677,27.64547218787435,27.411407838077643,0.15625
4351,48.51,4,0.4,0.6,0.5293579711721973,-158232.28449606147,-0.0026043679353271996,0.0020522103870531144,30.02362544430469,23.580290445980758,0.15625
4352,48.52,4,0.4,0.6,0.48417966522650263,-158349.14735188725,-0.002353600346488155,0.002157891552938432,29.627662840082543,25.680783609429678,0.15625
4353,48.53,5,0.5,0.5,0.6172589271706538,-158301.7821809581,-0.0024594020678208282,0.002317549540589743,33.46404562825832,27.75888297900068,0.15625
4354,48.54,4,0.4,0.6,0.605432021468042,-158229.83195006716,-0.0025334929972236275,0.0024852622602772973,32.38206799333329,26.42553568870401,0.15625
4355,48.55,5,0.5,0.5,0.41272605271160573,-158252.97866420777,-0.0021206395369517675,0.0021556451989377615,27.37883423117015,25.843260552532062,0.15625
4356,48.56,3,0.30000000000000004,0.7,0.11296714966702846,-158327.85150316462,-0.0025858085492023297,0.002261733379769551,29.447548680165536,24.51536283706538,0.15625
4357,48.57,3,0.30000000000000004,0.7,0.6622019695486531,-158232.95514524297,-0.002536898776305395,0.0024481046270114033,31.052789332409294,29.055941565960563,0.15625
4358,48.58,2,0.2,0.8,0.40238750450970256,-158346.26032415815,-0.002391941671849228,0.0023602946845144718,32.25049152364079,27.463540222517246,0.15625
4359,48.59,3,0.30000000000000004,0.7,0.6813229833417728,-158139.9247982258,-0.0023875705938657655,0.0019833442014757616,33.629692386580835,23.690285942654512,0.15625
4360,48.6,2,0.2,0.8,0.794971398434566,-158328.5167704342,-0.0023054934596001557,0.0021505572754617042,32.5249921098204,24.87350456485079,0.15625
4361,48.61,3,0.30000000000000004,0.7,0.4182976151514682,-158251.21917454392,-0.002514727253599183,0.0025431115898375874,30.229390714775004,28.54698668412196,0.15625
4362,48.62,5,0.5,0.5,0.5220820087589514,-158279.5164488586,-0.0026355921447058545,0.0022301778612244306,30.25580806185971,26.200602199945077,0.15625
4363,48.63,4,0.4,0.6,0.17369538340137877,-158296.91635236828,-0.0022962312523241678,0.002106123904298953,28.278276723750892,26.39256688984505,0.15625
4364,48.64,4,0.4,0.6,0.6059841681874532,-158277.27710486084,-0.0021702141924094176,0.0023747996361743588,26.8743681242644,26.03373319594775,0.15625
4365,48.65,5,0.5,0.5,0.5636818573113305,-158332.86900527414,-0.00242646976728904,0.002500661642544174,33.875651273643044,27.934399701730595,0.15625
4366,48.66,5,0.5,0.5,0.42049524733392646,-158255.58766111208,-0.002763573097151233,0.002398977409227427,33.66376420452254,27.061608351628003,0.15625
4367,48.67,5,0.5,0.5,0.4716118262839602,-158240.96491264526,-0.0025812381823735243,0.0019257356912193067,32.73128513582352,22.671376776647133,0.15625
4368,48.68,5,0.5,0.5,0.4294162532038303,-158301.2522078856,-0.0022493632196580343,0.002212480627774541,27.671878325996946,25.670243956346912,0.15625
4369,48.69,5,0.5,0.5,0.44199562016145844,-158279.2479846595,-0.002245045311964031,0.002490389363694402,27.51783610310996,28.425297647076388,0.15625
4370,48.7,5,0.5,0.5,0.31672879216051913,-158309.07706349902,-0.0022567042678034383,0.002203979437478621,29.048882706180237,26.575750744371412,0.15625
4371,48.71,3,0.30000000000000004,0.7,0.5003087239095463,-158325.95385105888,-0.0026310338021587124,0.0022651086742461624,32.44363700853157,26.928446291223242,0.15625
4372,48.72,4,0.4,0.6,0.5826362399649848,-158163.1471180375,-0.0027293155528640566,0.0022436966021159048,34.000240103180545,25.289683205036532,0.15625
4373,48.73,6,0.6000000000000001,0.3999999999999999,0.5615182283716011,-158298.02288103921,-0.0022203050958101143,0.002365040129473299,30.221250876609105,26.671621957599736,0.15625
4374,48.74,7,0.7000000000000001,0.29999999999999993,0.19517504075868616,-158442.41941641236,-0.0022773644774641915,0.002454421926918811,28.902321933083073,27.946024695978025,0.15625
4375,48.75,6,0.6000000000000001,0.3999999999999999,0.30546123699923683,-158257.52772200768,-0.002629492930666064,0.0019485591918583193,29.592859785663173,24.632863491475337,0.15625
4376,48.76,6,0.6000000000000001,0.3999999999999999,0.38926086730462567,-158294.4863553269,-0.002540820215083384,0.001950913435359998,29.393826145238513,24.09405707357155,0.15625
4377,48.77,5,0.5,0.5,0.35808593104113046,-158315.73400246087,-0.0022956007540049666,0.0026253089897692768,27.089739268698448,29.91964037936102,0.15625
4378,48.78,6,0.6000000000000001,0.3999999999999999,0.5424974787786293,-158267.70358743428,-0.002311113112772683,0.002426652169403195,32.46975372356425,26.711098341618815,0.15625
4379,48.79,7,0.7000000000000001,0.29999999999999993,0.15835149107335011,-158372.4687393354,-0.002364810244028635,0.002205011819206768,32.23485479667535,24.12649165958332,0.15625
4380,48.8,6,0.6000000000000001,0.3999999999999999,0.5944957083952984,-158349.78628327438,-0.002715313569817939,0.0023820242156860558,32.70497200282312,27.169216865168128,0.15625
4381,48.81,6,0.6000000000000001,0.3999999999999999,0.40684503093133517,-158351.28327841198,-0.002443028355099005,0.0021114018634847834,28.970082684106377,25.974278950760084,0.15625
4382,48.82,4,0.4,0.6,0.33172172624217316,-158285.12099165935,-0.0022925844324710692,0.0021073177422615496,27.919243246191392,26.995980964504668,0.15625
4383,48.83,4,0.4,0.6,0.37214206110852077,-158346.8080827428,-0.002468869726212514,0.0024782989605190878,29.990783864229524,28.070707508226818,0.15625
4384,48.84,5,0.5,0.5,0.44868914363472967,-158390.5383631583,-0.00232374047302532,0.0024314176903740617,29.77100217108165,27.069732738188424,0.15625
4385,48.85,5,0.5,0.5,0.3802243811079633,-158264.81522529808,-0.002478052801008299,0.002191613985978675,33.38286944189595,23.924626324657552,0.15625
4386,48.86,5,0.5,0.5,0.41590882053874434,-158338.30361957362,-0.002505149054335795,0.0023113983465519045,32.04749496786339,27.68614576442646,0.15625
4387,48.87,4,0.4,0.6,0.05583505740903839,-158236.78507590923,-0.0024642168386860446,0.0022920049751336247,29.526801460562574,26.89672379076482,0.15625
4388,48.88,6,0.6000000000000001,0.3999999999999999,0.3594391573154937,-158400.26888733884,-0.0023592505133779346,0.002234103335638434,28.617523172447786,27.548155913662487,0.15625
4389,48.89,6,0.6000000000000001,0.3999999999999999,0.1266933467829091,-158383.14343122626,-0.002670977983583206,0.002133729251579247,31.452116189598723,23.389524540715723,0.15625
4390,48.9,6,0.6000000000000001,0.3999999999999999,0.37189175733777624,-158327.78008451656,-0.002363238286712605,0.0022798416811675363,30.79553692354351,24.842168064231934,0.15625
4391,48.91,5,0.5,0.5,0.21099611242793662,-158356.5269043136,-0.0022777657110091354,0.0025862517965549365,28.7245314325931,29.04132813856555,0.15625
4392,48.92,4,0.4,0.6,0.46149622685033703,-158316.96456855134,-0.002689323907551055,0.0022288511104651917,32.311818550454575,26.93852880131432,0.15625
4393,48.93,6,0.6000000000000001,0.3999999999999999,0.3196930950168956,-158364.57386841654,-0.0022811447098475338,0.0020407596583146372,27.900897712405953,26.412508906073604,0.15625
4394,48.94,7,0.7000000000000001,0.29999999999999993,0.5955107893511252,-158300.53263421918,-0.0023605901521001286,0.0023311728383609534,29.72826706175861,27.036108251024487,0.15625
4395,48.95,8,0.8,0.19999999999999996,0.35191617696004135,-158453.1471278445,-0.002584113898327914,0.002422430275576013,32.47174686912845,27.115581273888328,0.15625
4396,48.96,7,0.7000000000000001,0.29999999999999993,0.36015983397780393,-158399.6670145686,-0.002331220098822972,0.00201774452749179,30.169969805335768,23.999925926374015,0.15625
4397,48.97,8,0.8,0.19999999999999996,0.5463387926829054,-158403.20534948222,-0.0023823320624406378,0.0021344283112837356,27.484013083848012,26.77854660542407,0.15625
4398,48.98,8,0.8,0.19999999999999996,0.725205079754068,-158405.75158570186,-0.002587461487813446,0.0023233418882570877,31.57119361558941,29.033512641666395,0.15625
4399,48.99,8,0.8,0.19999999999999996,0.7500126534655018,-158404.1557809566,-0.0024356957073521043,0.002643867627342306,30.797940357577076,31.59388152695208,0.15625
4400,49.0,8,0.8,0.19999999999999996,0.5455058538997339,-158445.69814282825,-0.0025226386334074365,0.002281032359560944,32.174876485906644,26.981856446290337,0.15625
4401,49.01,7,0.7000000000000001,0.29999999999999993,0.757508900682643,-158385.66592677133,-0.0024241167766398254,0.002029495594126678,30.219839376270556,23.952195092236394,0.15625
4402,49.02,7,0.7000000000000001,0.29999999999999993,0.7151749345991203,-158355.88286426326,-0.002420276985780333,0.002134737261015227,28.917936628568366,24.692679732316765,0.15625
4403,49.03,6,0.6000000000000001,0.3999999999999999,0.353159569468872,-158396.51524299447,-0.0024392669836078903,0.002248465842190497,31.07455212371397,26.981697523911354,0.15625
4404,49.04,6,0.6000000000000001,0.3999999999999999,0.40151567923254583,-158214.99350113215,-0.0022098919052114577,0.002453356185982285,28.37748666605566,29.886320790633924,0.15625
4405,49.05,7,0.7000000000000001,0.29999999999999993,0.69828512519776,-158380.1811893756,-0.0023608508827148785,0.002454455009417117,29.05285095672765,27.523145360028604,0.15625
4406,49.06,7,0.7000000000000001,0.29999999999999993,0.7065838488860449,-158353.1625655625,-0.0025388774088476833,0.0022064136049692643,30.942556510486742,25.67434727775029,0.15625
4407,49.07,7,0.7000000000000001,0.29999999999999993,0.4084880483487732,-158444.4529166328,-0.0025280508499915485,0.0021631038821671206,31.684495670344774,25.652733640808574,0.15625
4408,49.08,6,0.6000000000000001,0.3999999999999999,0.2918574410309675,-158352.13820084196,-0.0024848966094701288,0.002319700683923307,30.93112916995972,26.761301712027578,0.15625
4409,49.09,5,0.5,0.5,0.4286896143466125,-158386.474352424,-0.002427278474878947,0.0024980785931237805,29.194379282597236,28.171587555798602,0.15625
4410,49.1,6,0.6000000000000001,0.3999999999999999,0.3740735767724448,-158362.0728158229,-0.0022838163561637514,0.002007766045674655,27.661908472135757,23.572094369104732,0.15625
4411,49.11,6,0.6000000000000001,0.3999999999999999,0.14782247297763934,-158321.6533151474,-0.0024450302377865283,0.0021636510774036377,30.60130093515655,25.767494765952993,0.15625
4412,49.12,7,0.7000000000000001,0.29999999999999993,0.6564880205955217,-158454.26539206042,-0.002656022793770304,0.0024049287090300033,33.65803487259698,27.13672021157556,0.15625
4413,49.13,5,0.5,0.5,0.2730361293572446,-158365.4145757179,-0.0023775873124218644,0.0024596627476004464,32.49846345366826,29.9666296464316,0.15625
4414,49.14,5,0.5,0.5,0.4333826926568986,-158341.92388892634,-0.002463914958448838,0.002346664573693775,30.375105070199346,27.50210347949435,0.15625
4415,49.15,4,0.4,0.6,0.4217525798247611,-158406.590677784,-0.0023025663479224107,0.0019958625572299854,27.855655776909547,24.32057209255855,0.15625
4416,49.16,3,0.30000000000000004,0.7,0.5596962651558953,-158281.3194221922,-0.002190758972919782,0.0018263713010321088,26.298319592669785,21.685704972328544,0.15625
4417,49.17,4,0.4,0.6,0.6582527808024561,-158286.7032947148,-0.0025481963502334173,0.0024593551804202147,30.04474280472071,26.55800231324566,0.15625
4418,49.18,3,0.30000000000000004,0.7,0.611908894107517,-158324.67119976372,-0.002485831330225104,0.0027806641655436543,31.258450179556522,29.7035904212231,0.15625
4419,49.19,3,0.30000000000000004,0.7,0.7559069690827783,-158388.01537934277,-0.002467185989282928,0.002287104581867077,32.937834287153706,26.993976988356728,0.15625
4420,49.2,3,0.30000000000000004,0.7,0.655009523513613,-158257.81822744638,-0.0026567615215752046,0.0020348680411110083,34.54315947325334,24.978267437481126,0.15625
4421,49.21,2,0.2,0.8,0.1558354344709602,-158346.2069542113,-0.0024012169448871796,0.0020279404787262576,29.744469684660146,23.55412172440472,0.15625
4422,49.22,3,0.30000000000000004,0.7,0.565792120340061,-158352.11635038158,-0.0023250579987582026,0.002124974313955042,29.41393933600787,23.599019786621373,0.15625
4423,49.23,3,0.30000000000000004,0.7,0.41341323618340653,-158374.897343103,-0.002516729389980257,0.0024792732889480896,32.30602670268735,27.5679549904792,0.15625
4424,49.24,2,0.2,0.8,0.6874741920064873,-158376.09985511226,-0.0021991800904034653,0.0027377082429276473,30.106587442995977,32.09139764840858,0.15625
4425,49.25,2,0.2,0.8,0.6077242688298475,-158288.74415971627,-0.0023556875658921426,0.0021734154801942174,31.51682121917435,26.16687400398941,0.15625
4426,49.26,3,0.30000000000000004,0.7,0.7363344823707365,-158381.5503829269,-0.002703895254116639,0.002042469077143471,32.782558753326704,23.553659133501238,0.15625
4427,49.27,3,0.30000000000000004,0.7,0.6196080525194511,-158278.52390344554,-0.002338490583138143,0.002256781535317212,29.233675424312867,25.45267633570916,0.15625
4428,49.28,3,0.30000000000000004,0.7,0.4050622560574346,-158363.61118687995,-0.002229742485813606,0.002250366412507027,28.009675253403888,25.65868013713989,0.15625
4429,49.29,3,0.30000000000000004,0.7,0.56014247156365,-158314.57181588004,-0.0026892305383354074,0.0024305564683576846,34.09662226658777,28.5875734391877,0.15625
4430,49.3,4,0.4,0.6,0.0854494627894069,-158318.40230837537,-0.0024490266042538344,0.0022920318760906904,31.50314619130627,26.300163809041965,0.15625
4431,49.31,6,0.6000000000000001,0.3999999999999999,0.010974135767410218,-158358.097701922,-0.002308103299298067,0.0022811882623291115,29.970778758186928,26.778350962210215,0.15625
4432,49.32,5,0.5,0.5,0.45095892409865806,-158411.49832829213,-0.002556312790597552,0.0023641122859519668,30.4702476521463,25.255313489712936,0.15625
4433,49.33,5,0.5,0.5,0.37447879968316594,-158261.41253956206,-0.002377330008138967,0.0020218850993688783,30.67169242445021,23.18884791540579,0.15625
4434,49.34,4,0.4,0.6,0.6160750370513413,-158376.17069910446,-0.002369557198621248,0.0022437508673247477,30.36048170274942,25.792073260864747,0.15625
4435,49.35,4,0.4,0.6,0.6710908349128732,-158321.76771754844,-0.0025412191057082923,0.002393792782859878,30.69757101494855,29.636275876201154,0.15625
4436,49.36,4,0.4,0.6,0.6229812025853654,-158234.24000390174,-0.002415324850670523,0.002378087841759775,28.96319480010706,29.834180009291128,0.15625
4437,49.37,5,0.5,0.5,0.2906959114685826,-158319.1829322217,-0.0024536431560023973,0.0023534600551163454,28.889098887275306,28.10131151779274,0.15625
4438,49.38,4,0.4,0.6,0.4836456676594525,-158334.51343268168,-0.0023333421544458662,0.002210061236490551,28.777236754323493,26.076290246733905,0.15625
4439,49.39,3,0.30000000000000004,0.7,0.4278801943358249,-158364.60883378302,-0.002263958067328112,0.002009082518937629,31.24417228976176,24.365317646009764,0.15625
4440,49.4,2,0.2,0.8,0.7688876654331053,-158383.78485093833,-0.00259930616340337,0.00230603840378222,34.11485030060798,25.953429945645876,0.15625
4441,49.41,1,0.1,0.9,0.7694359998884712,-158237.49122531986,-0.002536535870643647,0.002393235683548659,34.280415764830536,26.934107364285545,0.15625
4442,49.42,1,0.1,0.9,0.9977265595112648,-158443.18376227247,-0.002501208771960286,0.002371072783697972,31.34654217724623,27.9540382445525,0.15625
4443,49.43,1,0.1,0.9,0.9062737960033156,-158376.13649519352,-0.0026875158854060576,0.002315716447801179,31.768180243082817,28.458220245147473,0.15625
4444,49.44,1,0.1,0.9,0.9872735886357112,-158316.02112716634,-0.002154232245862901,0.0022587651470272695,25.588825220843926,27.464723878557816,0.15625
4445,49.45,1,0.1,0.9,0.8945685139991345,-158360.98025418035,-0.0021882493420393428,0.0022495076482313228,28.263890101833343,26.744371639503466,0.15625
4446,49.46,1,0.1,0.9,0.9808575061404646,-158360.0598574606,-0.0023049709121840175,0.0024766935129586403,31.531129125879627,28.354420696224995,0.15625
4447,49.47,1,0.1,0.9,0.9931257241305064,-158392.5040223237,-0.002557460839798675,0.002311970990207175,36.80587541307967,27.48479663857698,0.15625
4448,49.48,1,0.1,0.9,0.8919389326492525,-158352.68380567923,-0.0024529725880439433,0.0021160163085008512,33.289080940082336,25.162447992423253,0.15625
4449,49.49,1,0.1,0.9,0.9963241082956312,-158301.21006517354,-0.0024460652054195155,0.0020733315957248517,32.87349041118607,25.874608176079068,0.15625
4450,49.5,2,0.2,0.8,0.8090078872051228,-158303.82683442347,-0.00231940819944904,0.0022841994359390507,28.845407863241654,26.35851045389158,0.15625
4451,49.51,3,0.30000000000000004,0.7,0.5667767310514509,-158317.47642755896,-0.0024112866961589706,0.002514533372583233,29.730428632020114,30.37539328772504,0.15625
4452,49.52,2,0.2,0.8,0.10332415874859559,-158311.79659137694,-0.002672457954794035,0.0022707872586277796,32.029067562125206,25.67147373638571,0.15625
4453,49.53,2,0.2,0.8,0.31828939892586955,-158282.26263447406,-0.0023430779951111942,0.0020992521795073988,32.371776596904375,25.075857550342487,0.15625
4454,49.54,3,0.30000000000000004,0.7,0.45850166080292226,-158227.98045106718,-0.002180007288701725,0.002358541988584955,27.45642841271485,26.289008760462423,0.15625
4455,49.55,4,0.4,0.6,0.6216190141666532,-158310.42138091443,-0.0025355391685983925,0.0023375253917331832,31.089373903568646,26.50951022619873,0.15625
4456,49.56,2,0.2,0.8,0.6225217602867541,-158350.96680153583,-0.0024488752761781434,0.00234263141643507,28.948362245663446,27.045215475725595,0.15625
4457,49.57,2,0.2,0.8,0.8607738363946663,-158346.35989725572,-0.002369446244889442,0.002339753837365979,30.1241377971774,27.217726911250935,0.15625
4458,49.58,3,0.30000000000000004,0.7,0.40877759375516776,-158321.24779828152,-0.002396778743677381,0.0023219729227855206,31.785239799875782,27.08055442432826,0.15625
4459,49.59,4,0.4,0.6,0.33339238539197524,-158300.02553262466,-0.002600932549461845,0.00221363871128156,34.05848015107938,26.051641805826335,0.15625
4460,49.6,3,0.30000000000000004,0.7,0.5496616980085073,-158392.1753512338,-0.0024952169797010267,0.002179766951503903,31.654926904894808,24.00635878268328,0.15625
4461,49.61,3,0.30000000000000004,0.7,0.5288032040360304,-158290.45941640518,-0.0022698794086706605,0.002113026059612222,28.80703127915329,24.711038833849617,0.15625
4462,49.62,2,0.2,0.8,0.3472841656985562,-158360.14992444438,-0.002324824340395745,0.002186850768110103,28.14990575916105,25.50020789647278,0.15625
4463,49.63,2,0.2,0.8,0.2083869027654913,-158330.02305224465,-0.0023740503667520037,0.002429991486123473,29.85348423473654,30.210384215230942,0.15625
4464,49.64,3,0.30000000000000004,0.7,0.2842080219749216,-158318.46191341136,-0.002564727462409632,0.0026285020899027684,32.365411368244594,30.678252254761976,0.15625
4465,49.65,4,0.4,0.6,0.15768017133133502,-158370.8393358655,-0.002373347011937655,0.0022479081343261603,30.75759635395799,24.838879527928384,0.15625
4466,49.66,4,0.4,0.6,0.6390205422265972,-158352.88823399693,-0.00221448281702907,0.0020339835386953375,29.74862163652633,23.103912213806655,0.15625
4467,49.67,5,0.5,0.5,0.3433089568443189,-158281.6624007201,-0.0026094936802611244,0.0022809201832670253,32.22558783865814,24.451377612665016,0.15625
4468,49.68,7,0.7000000000000001,0.29999999999999993,0.2047530223833462,-158359.78909851212,-0.0024690202177897348,0.002197417414389947,30.714491418793084,28.312407266475727,0.15625
4469,49.69,8,0.8,0.19999999999999996,0.773759366727073,-158431.7918051983,-0.0027333118888485533,0.0021819768888899425,33.442477675597694,26.896726690735335,0.15625
4470,49.7,8,0.8,0.19999999999999996,0.5971597525860808,-158389.03805371322,-0.0023433295833556085,0.002503762209526087,26.93610400169774,28.960052804574932,0.15625
4471,49.71,8,0.8,0.19999999999999996,0.8655631468762285,-158499.64295311086,-0.002078144979575282,0.0022058478074914118,26.68766432594482,25.53855298163507,0.15625
4472,49.72,8,0.8,0.19999999999999996,0.5189134423217379,-158421.87254017638,-0.0022774371055613645,0.002189715585804947,28.0926821051508,26.738785127347764,0.15625
4473,49.73,8,0.8,0.19999999999999996,0.18911210473785348,-158465.0939044131,-0.002584579664790104,0.0023667065315039542,32.68531050627758,30.363831786749376,0.15625
4474,49.74,7,0.7000000000000001,0.29999999999999993,0.675781473820837,-158373.07861288692,-0.0025753192855218748,0.002543996456481741,31.714755188110285,31.190599496303616,0.15625
4475,49.75,9,0.9,0.09999999999999998,0.030989267698213026,-158431.34874751864,-0.0025044064998447912,0.0022453804897932805,32.90591393144459,27.384916896720117,0.15625
4476,49.76,9,0.9,0.09999999999999998,0.34158284223689855,-158605.90144206202,-0.002042252208679295,0.0018913108149625178,25.78303813003747,21.393247945823187,0.15625
4477,49.77,9,0.9,0.09999999999999998,0.7664726311929879,-158381.4912690383,-0.0022341478403697266,0.0021903999126946135,27.760498327334897,27.260293478309922,0.15625
4478,49.78,9,0.9,0.09999999999999998,0.9643075425383486,-158603.49925830602,-0.0027661159618104962,0.0025706804238281207,30.617012548317017,31.387102646958844,0.15625
4479,49.79,9,0.9,0.09999999999999998,0.991555549222808,-158510.67434092518,-0.002474234345317065,0.0023875350520284493,31.943561143375785,35.68898443016382,0.15625
4480,49.8,9,0.9,0.09999999999999998,0.989910039469944,-158520.55806650684,-0.002560293867850441,0.002404924128802215,30.353468156333935,30.170317506026638,0.15625
4481,49.81,8,0.8,0.19999999999999996,0.8655797854620185,-158489.08311753775,-0.00221640254688385,0.0021820459086074424,27.07829639222581,26.709830659377367,0.15625
4482,49.82,8,0.8,0.19999999999999996,0.5115654860987714,-158478.97352996754,-0.0021656799343584285,0.0020528693483900804,27.40963660663581,23.445259279170788,0.15625
4483,49.83,7,0.7000000000000001,0.29999999999999993,0.5999931358363138,-158433.46101411092,-0.0027990030700719612,0.001977572856244246,36.16562807471953,24.011605306634056,0.15625
4484,49.84,5,0.5,0.5,0.352589893740482,-158388.83978821474,-0.0024495679036882685,0.002615449412355626,32.95411229551198,32.81403818065435,0.15625
4485,49.85,5,0.5,0.5,0.23612361501405912,-158328.29413447945,-0.0021631841500261537,0.002834057036085887,26.83635996817348,33.65845676738713,0.15625
4486,49.86,6,0.6000000000000001,0.3999999999999999,0.5866430517423362,-158331.26071566087,-0.00221508638059499,0.0020163852067725217,25.0162422272658,23.299946187406757,0.15625
4487,49.87,7,0.7000000000000001,0.29999999999999993,0.4488477944575037,-158391.59195520298,-0.002310967566207238,0.001655751755385603,27.930718628458795,18.988764124535987,0.15625
4488,49.88,7,0.7000000000000001,0.29999999999999993,0.5212634880987927,-158332.6194663347,-0.0026139632444435075,0.0023665534474446464,33.134873723525224,26.732116081235905,0.15625
4489,49.89,6,0.6000000000000001,0.3999999999999999,0.35317682835336706,-158279.51540057515,-0.0026851375343113016,0.0025937305265061913,36.59455574028335,30.070224737841556,0.15625
4490,49.9,7,0.7000000000000001,0.29999999999999993,0.39743510983463426,-158457.19059357233,-0.0022957696577598783,0.0024453157392457193,28.863224921041414,30.573929687449525,0.15625
4491,49.91,7,0.7000000000000001,0.29999999999999993,0.20583404514247766,-158385.72999082837,-0.00263798258637455,0.001851072917160498,29.85571205643926,21.69997146449322,0.15625
4492,49.92,6,0.6000000000000001,0.3999999999999999,0.5236046596867379,-158431.03449266547,-0.002138505495613989,0.001936040843764315,24.769157168471057,22.67615291548676,0.15625
4493,49.93,5,0.5,0.5,0.30875702211855327,-158331.88597856974,-0.002335014916791807,0.0025063450392153724,29.5536577031716,27.799628824503344,0.15625
4494,49.94,4,0.4,0.6,0.5936749577581573,-158360.0893519706,-0.002666224476777836,0.002658938337062748,33.93434706812701,30.169091212286904,0.15625
4495,49.95,2,0.2,0.8,0.7760817510432311,-158326.29520065844,-0.0023376722261532535,0.002040929219975476,32.481806815234584,26.104510471861165,0.15625
4496,49.96,1,0.1,0.9,0.58903264672601,-158351.83653067928,-0.0024906609023878923,0.0019440283144073673,30.550604478288104,23.318559747601473,0.15625
4497,49.97,1,0.1,0.9,0.9962617717595427,-158332.33451163737,-0.002385611352894924,0.002291227918697231,31.119011578965065,26.747132978006793,0.15625
4498,49.98,1,0.1,0.9,0.9135301667201616,-158404.16919777627,-0.0021649441890498064,0.002536244809779747,28.53396547527762,30.47445602046861,0.15625
4499,49.99,1,0.1,0.9,0.9260879286871349,-158445.16963953598,-0.002609517970625985,0.002408500144995164,31.795411450389,27.518673992504485,0.15625
4500,50.0,1,0.1,0.9,0.9999338114392695,-158412.11746008586,-0.002446493939606833,0.00207025136597641,34.09687281628394,25.835308389769043,0.15625
4501,50.01,1,0.1,0.9,0.979926926696055,-158416.14274628134,-0.002295106127373375,0.002351004043453268,30.367512017106815,28.50052966750321,0.15625
4502,50.02,1,0.1,0.9,0.9613175486419026,-158407.9406916242,-0.002605523539104605,0.0024484581140868378,34.372228958402516,27.993248077637908,0.15625
4503,50.03,1,0.1,0.9,0.8814562192158663,-158305.89766871356,-0.0024857186532862147,0.0020213820988094966,32.271399852569864,23.583399749232424,0.15625
4504,50.04,1,0.1,0.9,0.2757719668464977,-158428.80082516684,-0.002330202858688439,0.0020266153409636087,29.849819718135137,24.246962155899542,0.15625
4505,50.05,1,0.1,0.9,0.9582153512742412,-158362.7505608777,-0.002327991492730555,0.0025220378220805573,28.806794825630828,30.272494037326528,0.15625
4506,50.06,2,0.2,0.8,0.10117465384929146,-158371.10413434298,-0.00240330877652224,0.00239079739639601,31.57413761971592,30.303214002601518,0.15625
4507,50.07,2,0.2,0.8,0.8701337087130958,-158377.47605550013,-0.002509846306392521,0.0023954851262374018,31.467495186641038,27.726321403195143,0.15625
4508,50.08,3,0.30000000000000004,0.7,0.4843505066933479,-158338.46693492366,-0.00239395264316346,0.002275035989824278,32.161327609183246,25.450326509417053,0.15625
4509,50.09,4,0.4,0.6,0.22444533414270545,-158366.00146269565,-0.0023988058868048656,0.0020953308816104854,32.96549338176137,24.070970583577843,0.15625
4510,50.1,4,0.4,0.6,0.5200012716424919,-158361.3033735741,-0.0026269140564359047,0.0021923185233686197,32.06887613652614,25.467989406678505,0.15625
4511,50.11,5,0.5,0.5,0.3227093075870776,-158456.92426469224,-0.0024036353547748322,0.002300728395615869,30.17547417356514,27.951161292401583,0.15625
4512,50.12,6,0.6000000000000001,0.3999999999999999,0.4463749369880413,-158316.30867564172,-0.0022685217156953627,0.0025809324618152043,26.32485617246401,28.70986460666118,0.15625
4513,50.13,5,0.5,0.5,0.37893923103080085,-158354.09340919295,-0.0023573696585361074,0.0022399335810754234,27.199868962726462,25.77479102246316,0.15625
4514,50.14,5,0.5,0.5,0.4698388921138214,-158355.87421563396,-0.0025854102262258625,0.0019007945894577978,32.86397640401296,23.050076880889016,0.15625
4515,50.15,5,0.5,0.5,0.44152802073309333,-158399.50564022444,-0.0024128490982485867,0.0022791692633941122,29.429576086774688,25.897030811328847,0.15625
4516,50.16,6,0.6000000000000001,0.3999999999999999,0.12972119686830408,-158389.9602628749,-0.0023738389003265794,0.002397121527509043,31.715911790948635,27.509448629473752,0.15625
4517,50.17,4,0.4,0.6,0.39370284332515426,-158421.7074076462,-0.002518586367932303,0.002253955501254708,31.159487436850487,25.63238859738594,0.15625
4518,50.18,5,0.5,0.5,0.385992938279237,-158343.62212219852,-0.0024277046360052616,0.002388237099440456,29.228792924346042,27.54430136368002,0.15625
4519,50.19,6,0.6000000000000001,0.3999999999999999,0.27577259336872567,-158352.96057773475,-0.0022825340588689853,0.0023705070661388977,29.199222785545658,27.921000920319354,0.15625
4520,50.2,8,0.8,0.19999999999999996,0.11340775210094797,-158467.62833611062,-0.002487466485804784,0.002162265881919516,31.261397890103492,24.988247280576225,0.15625
4521,50.21,7,0.7000000000000001,0.29999999999999993,0.40422460549594685,-158467.43213326368,-0.0024146694031062614,0.00229749933620401,31.947606317216675,26.963555449848236,0.15625
4522,50.22,8,0.8,0.19999999999999996,0.7702057861418802,-158507.83749827117,-0.002295604760645137,0.0022657901892968605,31.103253635380927,27.337586622012775,0.15625
4523,50.23,8,0.8,0.19999999999999996,0.5585808370621962,-158481.89039664986,-0.002477302838988591,0.002353272618254472,27.958032309743658,28.05324752137511,0.15625
4524,50.24,7,0.7000000000000001,0.29999999999999993,0.3779768115453753,-158494.00066751262,-0.002637092575967621,0.0023083049520428913,30.226825639685877,29.601969764612836,0.15625
4525,50.25,7,0.7000000000000001,0.29999999999999993,0.5668143293387877,-158374.55672638284,-0.0025113975191494147,0.0019958961351701854,30.095573145342392,24.815325637977054,0.15625
4526,50.26,7,0.7000000000000001,0.29999999999999993,0.6045327305687671,-158465.20719765138,-0.0022416582403842937,0.0023160963952763383,27.94997199339466,26.29631918540741,0.15625
4527,50.27,5,0.5,0.5,0.11376500083647427,-158356.30056812908,-0.0022210334222662652,0.002605798563263371,29.078799098452258,28.56961513989684,0.15625
4528,50.28,6,0.6000000000000001,0.3999999999999999,0.4530344823707195,-158394.29648705284,-0.0024307717867393195,0.002295249397318284,30.032112478872527,26.267119973918387,0.15625
4529,50.29,5,0.5,0.5,0.29466366749617856,-158439.64322415958,-0.0028517577994413524,0.0019337226402577116,36.11732318259721,23.419929055107097,0.15625
4530,50.3,4,0.4,0.6,0.5716902853014869,-158359.04587507088,-0.0024254958301839708,0.0021630315429826694,34.441412221894886,26.15905798308011,0.15625
4531,50.31,3,0.30000000000000004,0.7,0.4862202126751086,-158477.49299313128,-0.0019193042778619612,0.0025369361087139476,25.23868105133958,26.491110455492667,0.15625
4532,50.32,2,0.2,0.8,0.047881166616070094,-158487.77883536485,-0.002220422118202795,0.0024578737788824552,27.649041244848824,28.01685589484484,0.15625
4533,50.33,2,0.2,0.8,0.7668341768534318,-158370.72244480735,-0.0028120206065213363,0.0020045174299419197,31.25355897234622,25.434816869630083,0.15625
4534,50.34,3,0.30000000000000004,0.7,0.24884277423537157,-158310.56105782028,-0.002544473266587269,0.0021693496419691776,30.273779054728834,28.136631595767906,0.15625
4535,50.35,2,0.2,0.8,0.32135551710317506,-158451.83413002908,-0.0023357081971973333,0.002631735821421396,30.211331357488678,28.08622369112475,0.15625
4536,50.36,2,0.2,0.8,0.6096313822622282,-158396.81353092723,-0.002290712558959708,0.0023238891696145585,31.799879832701027,24.74555663492543,0.15625
4537,50.37,2,0.2,0.8,0.8747517209003804,-158549.59482181634,-0.0022935948662435404,0.0021878284768249616,30.582807587361494,25.144769313736386,0.15625
4538,50.38,2,0.2,0.8,0.4568453874398334,-158420.22390232846,-0.0025598553757372943,0.002021164127781809,33.11213444628063,26.148588701187276,0.15625
4539,50.39,1,0.1,0.9,0.8125730513838465,-158505.51217937266,-0.002534995004918275,0.0022719359692213877,30.227341952293266,27.64887873850285,0.15625
4540,50.4,1,0.1,0.9,0.9922828721118654,-158384.48462124658,-0.002276182830940715,0.0024711007803659285,28.94188824027555,29.101880855371736,0.15625
4541,50.41,2,0.2,0.8,0.14185620860345938,-158433.8722429596,-0.0023680311696221436,0.0022507367997423354,31.871130329950812,26.488989961321376,0.15625
4542,50.42,1,0.1,0.9,0.7429114381046005,-158344.23803737108,-0.0024387190098587616,0.002563600667281087,31.323490194533424,29.414161434338347,0.15625
4543,50.43,1,0.1,0.9,0.9918963724239732,-158397.53602466412,-0.002408516783538904,0.002243022274751953,30.862184922672263,26.840132202853894,0.15625
4544,50.44,1,0.1,0.9,0.886612651935559,-158425.7477894576,-0.002554012624009923,0.002145233185128831,33.23684078648749,25.280544369073723,0.15625
4545,50.45,2,0.2,0.8,0.2717114164345777,-158490.49471765113,-0.002433469996459669,0.002416088716294142,30.573572924629392,28.920197443235274,0.15625
4546,50.46,1,0.1,0.9,0.9465666673843868,-158498.1813555024,-0.0022847926091933727,0.002290724278996379,29.66823545892367,27.157120705760857,0.15625
4547,50.47,1,0.1,0.9,0.9585194326214966,-158379.65977504067,-0.0025209029432654148,0.002239043970158147,33.00301485873178,26.29033051570597,0.15625
4548,50.48,1,0.1,0.9,0.9191632772768451,-158499.06626050625,-0.0024190434257232783,0.001991642648962552,32.29208556851549,24.53961722213698,0.15625
4549,50.49,1,0.1,0.9,0.5698604866956585,-158411.61997345422,-0.0022247921273519395,0.0025077581798224353,29.68513930587187,28.475052694219677,0.15625
4550,50.5,1,0.1,0.9,0.9324565282445049,-158439.03556639925,-0.0024009789976387487,0.002541257739470653,31.00743095851094,30.99154806634708,0.15625
4551,50.51,2,0.2,0.8,0.2907565874249477,-158404.9675677336,-0.00259263137147721,0.002072577074101201,30.7000060440591,24.98857087239169,0.15625
4552,50.52,3,0.30000000000000004,0.7,0.6333843420971396,-158346.1824712885,-0.0022246621561824273,0.0021496007334677785,29.073916346591925,26.999730907813905,0.15625
4553,50.53,3,0.30000000000000004,0.7,0.8104297945071616,-158406.93816674544,-0.002510718102581645,0.0023985468957883086,30.105637439254686,24.98303428480992,0.15625
4554,50.54,4,0.4,0.6,0.7589639058527099,-158388.79680938701,-0.0023265214962141494,0.0023652531518979824,30.21523127848042,25.871341910348008,0.15625
4555,50.55,4,0.4,0.6,0.5969569316047063,-158372.91177679805,-0.0024799842986894505,0.0020382498055427707,33.40920431364887,23.770225300336396,0.15625
4556,50.56,5,0.5,0.5,0.2236003709926629,-158363.95115584045,-0.002765271184532246,0.002397068045776078,33.047390788518726,27.715410451355147,0.15625
4557,50.57,4,0.4,0.6,0.5351661989573645,-158400.839187407,-0.002212202656104521,0.002237902162955141,27.792580660019986,26.86447365428193,0.15625
4558,50.58,5,0.5,0.5,0.316877447302491,-158351.27052565926,-0.0022926579218075817,0.0023452821517983367,27.397740647091986,27.26226652883286,0.15625
4559,50.59,5,0.5,0.5,0.3156460857958504,-158377.12880694933,-0.002411299422305003,0.002245290048108936,28.793027215879277,25.61837308737452,0.15625
4560,50.6,4,0.4,0.6,0.5492979245686266,-158388.41368188767,-0.0023417934750947947,0.0023133317993005364,30.65023724223993,26.904299274153562,0.15625
4561,50.61,4,0.4,0.6,0.5234035276437645,-158430.95869875327,-0.0025311756650454945,0.0024328381218651366,32.25583687988505,28.29347091215623,0.15625
4562,50.62,3,0.30000000000000004,0.7,0.43665422256939584,-158345.31564088422,-0.002356222048992666,0.0022046530606779696,30.05774787166219,25.539017707261454,0.15625
4563,50.63,3,0.30000000000000004,0.7,0.6654832768841412,-158362.93838233766,-0.0022111546156165346,0.002229115576919425,27.83446054349082,25.03184176670318,0.15625
4564,50.64,3,0.30000000000000004,0.7,0.6160071410312656,-158341.0036304012,-0.0025684049639041993,0.002262024512080001,30.142713226809416,24.932947189726903,0.15625
4565,50.65,2,0.2,0.8,0.3790812804151575,-158425.18526885615,-0.002502383766500368,0.002328759397961732,31.902481202335174,27.795386878743745,0.15625
4566,50.66,3,0.30000000000000004,0.7,0.448514724606978,-158388.21341919905,-0.002689301603293051,0.0022370143363145095,35.60554377088527,25.723068398938846,0.15625
4567,50.67,2,0.2,0.8,0.40475660492342913,-158481.2066755845,-0.0023640184771068578,0.0024653964887105077,31.24314542606661,28.67524353752891,0.15625
4568,50.68,2,0.2,0.8,0.8099534632148515,-158372.20897457143,-0.0021789787750223708,0.002157358735130886,29.09774662033182,24.125721567286252,0.15625
4569,50.69,3,0.30000000000000004,0.7,0.4737208731602696,-158477.58781727785,-0.0023206590544719114,0.0023081203574497255,29.302037596148555,27.679810797252006,0.15625
4570,50.7,3,0.30000000000000004,0.7,0.5433056477823329,-158309.23985758788,-0.0027620737025039234,0.002477061682640786,32.03208928253057,28.536499069382558,0.15625
4571,50.71,2,0.2,0.8,0.42946162784901715,-158455.22388873386,-0.002247666598053673,0.0022767921266065314,28.388974850893025,26.65828565484091,0.15625
4572,50.72,2,0.2,0.8,0.16296139879987495,-158451.36793826634,-0.0021102659179831284,0.002326536388809506,27.381645503825133,26.003990150531838,0.15625
4573,50.73,2,0.2,0.8,0.7027172329856071,-158413.49377323012,-0.0024132601511294136,0.002162693403964516,29.731434029970455,25.891230827117145,0.15625
4574,50.74,1,0.1,0.9,0.8014608801842623,-158411.25568402407,-0.0026411940693115113,0.0019666086598007777,34.929056206246564,24.828406910180092,0.15625
4575,50.75,1,0.1,0.9,0.8940187732376265,-158404.38461826846,-0.002581431716332766,0.002490356633483025,33.3437578225586,28.24921678304465,0.15625
4576,50.76,1,0.1,0.9,0.9939089668966958,-158465.70752025957,-0.002505572293749426,0.0024823846100511587,32.89328959582845,27.845808151455767,0.15625
4577,50.77,1,0.1,0.9,0.8980515162482166,-158411.12800419668,-0.002168903310785022,0.0020476260208817133,30.26039488027262,24.181085867261498,0.15625
4578,50.78,1,0.1,0.9,0.7017964723782577,-158410.4534914799,-0.0023062097137622572,0.002185720485732886,31.245940741629855,26.55432453582079,0.15625
4579,50.79,1,0.1,0.9,0.9753076445638142,-158396.14760591288,-0.0023426855311516046,0.0024159746655744805,29.70613377391677,29.21775129420197,0.15625
4580,50.8,1,0.1,0.9,0.2722284330547749,-158443.32461231275,-0.002477749287770485,0.002291438308140376,32.056332723124676,28.973791223884938,0.15625
4581,50.81,3,0.30000000000000004,0.7,0.07967730781726595,-158408.18241750755,-0.002607845758506748,0.002337518772060592,29.880714936960995,27.38773155612482,0.15625
4582,50.82,3,0.30000000000000004,0.7,0.5268320934973963,-158351.15585172895,-0.0023048945289687326,0.002202470830310153,30.105889915587777,26.615138423868128,0.15625
4583,50.83,2,0.2,0.8,0.12475402847415588,-158425.3853508205,-0.002431709170956156,0.0024648166529377545,31.334382492546705,26.736472239269144,0.15625
4584,50.84,2,0.2,0.8,0.26613178443157853,-158428.1479472037,-0.002446748861742105,0.0020650014768921953,33.532260118966036,23.9629034548464,0.15625
4585,50.85,1,0.1,0.9,0.1350143045802072,-158376.20875854127,-0.0023566859650363484,0.0021346199220648836,31.060489438550963,25.43553375784457,0.15625
4586,50.86,1,0.1,0.9,0.9675600905774167,-158477.83944939065,-0.002510962562069718,0.0022522018144750054,30.408664899206453,26.471891944815695,0.15625
4587,50.87,1,0.1,0.9,0.9440358701432272,-158430.7116728029,-0.0023642718882739408,0.0023872398439392264,29.039596057207675,28.045231629534914,0.15625
4588,50.88,1,0.1,0.9,0.9992507657317378,-158325.230559293,-0.002264362551556787,0.0023782511309659005,29.587627478733168,29.807358129649955,0.15625
4589,50.89,1,0.1,0.9,0.9875118582984417,-158426.44691066662,-0.002522033662018649,0.002183525493482101,31.729665360356428,25.444262911361534,0.15625
4590,50.9,1,0.1,0.9,0.43587005869826123,-158434.52029710193,-0.002303631324022206,0.0022206478727064697,30.761904233450554,26.46139289965481,0.15625
4591,50.91,2,0.2,0.8,0.024777144963740186,-158445.10520840454,-0.0022272298698808378,0.0019979397611833644,30.74731323559175,24.809671214821165,0.15625
4592,50.92,2,0.2,0.8,0.24774608811310642,-158353.11130084415,-0.002618680054414277,0.0024557217171843823,33.11092797132426,29.91214584532967,0.15625
4593,50.93,4,0.4,0.6,0.5944128753597828,-158363.15942985605,-0.00246405197695835,0.002495245851770036,30.771514567448804,28.29729124292264,0.15625
4594,50.94,4,0.4,0.6,0.522459263443322,-158422.41629653735,-0.002071258731279715,0.0020519349751865496,27.68874114112651,24.65601278455975,0.15625
4595,50.95,3,0.30000000000000004,0.7,0.696278965822284,-158405.27240392438,-0.002542954289329478,0.002092500188021028,31.016859827874136,23.264660123218324,0.15625
4596,50.96,2,0.2,0.8,0.07044310631162466,-158436.79007757417,-0.0024557768587080277,0.0024617642381906295,31.185218684198116,27.949888534983053,0.15625
4597,50.97,4,0.4,0.6,0.48926719840338356,-158383.77507581247,-0.0024827018963354632,0.0024305151679032497,30.627615150649028,27.586324373319215,0.15625
4598,50.98,6,0.6000000000000001,0.3999999999999999,0.6200626281697733,-158402.80646878303,-0.0027095799475279764,0.0022479460198376747,33.92559686652811,27.76799042049315,0.15625
4599,50.99,6,0.6000000000000001,0.3999999999999999,0.22050964262165942,-158382.77262421726,-0.0023756300962445064,0.0022515485701418677,28.9120591226639,25.2691855891347,0.15625
4600,51.0,6,0.6000000000000001,0.3999999999999999,0.3730125456070643,-158346.13522511118,-0.0020602970201188927,0.002095611637086437,25.17950498321082,23.644788457633133,0.15625
4601,51.01,5,0.5,0.5,0.4873749860469237,-158412.07713968924,-0.0025069639714606377,0.0024045151260382314,28.852205566668204,27.950719346303966,0.15625
4602,51.02,5,0.5,0.5,0.38005124363136183,-158314.94357505953,-0.002568755536272242,0.0021967894702845554,32.186226754262584,26.340296784201165,0.15625
4603,51.03,5,0.5,0.5,0.306391070299914,-158350.32814330424,-0.002249012679411747,0.002271181610273958,30.560878730270367,28.376048622148918,0.15625
4604,51.04,4,0.4,0.6,0.6440078016034159,-158381.1319912571,-0.00249878173043592,0.002421345848309911,31.707541547096966,26.96506347396304,0.15625
4605,51.05,5,0.5,0.5,0.35182633674644365,-158343.6817024116,-0.002390729219117253,0.002151365792095521,29.522906331666434,23.899794501135368,0.15625
4606,51.06,5,0.5,0.5,0.3707724664055543,-158409.2375544317,-0.0025063878988582367,0.002142956451826357,31.665588171350525,24.169310179715897,0.15625
4607,51.07,6,0.6000000000000001,0.3999999999999999,0.45327341809183613,-158412.09114160223,-0.002584049296791343,0.0023768808783917465,31.26961070865387,27.75139049672599,0.15625
4608,51.08,6,0.6000000000000001,0.3999999999999999,0.6053041249731745,-158461.27285639773,-0.0023985237598570363,0.0023940637477160385,29.876007688338614,27.37271193101311,0.15625
4609,51.09,7,0.7000000000000001,0.29999999999999993,0.6794121800634825,-158454.31777875894,-0.00231282508280316,0.0021966901113781383,29.192861740033234,26.098115371721207,0.15625
4610,51.1,6,0.6000000000000001,0.3999999999999999,0.49233117963261375,-158407.8224077527,-0.002553969175242797,0.0022332762629274647,31.39986343394241,27.081298186656454,0.15625
4611,51.11,8,0.8,0.19999999999999996,0.6294085337462397,-158521.60667415112,-0.002392950111211451,0.002272305932325235,29.736987173381305,27.195072088970555,0.15625
4612,51.12,8,0.8,0.19999999999999996,0.5234649486860484,-158477.79607724145,-0.0022754768332926487,0.0023204822383995427,27.816212545679285,28.305314873625594,0.15625
4613,51.13,7,0.7000000000000001,0.29999999999999993,0.6948020997523006,-158434.6799058178,-0.002708978386693076,0.0024775808956153007,30.239974401424263,26.68547408060496,0.15625
4614,51.14,7,0.7000000000000001,0.29999999999999993,0.6176942595565229,-158615.2584258801,-0.0023547401681324057,0.0020700136924744787,31.471118456060047,26.428301002754274,0.15625
4615,51.15,8,0.8,0.19999999999999996,0.6301924715544812,-158376.70447240095,-0.0023544214555967944,0.002116528728207419,30.556423453641717,24.276287708256458,0.15625
4616,51.16,5,0.5,0.5,0.16598511816277337,-158342.83252119576,-0.0024468574330486544,0.0024592536580092987,31.65263181993318,29.486960015202143,0.15625
4617,51.17,5,0.5,0.5,0.29514887266981354,-158439.20143381113,-0.002428821213008881,0.0023055250470658648,29.22958453961243,27.293143205754905,0.15625
4618,51.18,6,0.6000000000000001,0.3999999999999999,0.587889892666732,-158469.53727858863,-0.0024720712586826787,0.002323772302380977,29.900742320363022,28.58715254676869,0.15625
4619,51.19,6,0.6000000000000001,0.3999999999999999,0.1782675620315046,-158473.18047475477,-0.0023885513807007566,0.0023537835441399774,28.4917970325467,26.693619748419547,0.15625
4620,51.2,6,0.6000000000000001,0.3999999999999999,0.5472191117275012,-158408.66673357913,-0.002359813580250896,0.002116259794368141,31.228663873058522,26.68268827080777,0.15625
4621,51.21,6,0.6000000000000001,0.3999999999999999,0.3634850457061333,-158545.92138171417,-0.002592221202735763,0.0022711402337532473,31.73016933002976,25.984108726953608,0.15625
4622,51.22,6,0.6000000000000001,0.3999999999999999,0.2892292816611982,-158403.84866644823,-0.002337088125076749,0.0024370560076793224,30.26947554394472,28.368141777787187,0.15625
4623,51.23,4,0.4,0.6,0.34259406502571954,-158462.57551488708,-0.0025518358079825824,0.0023498781756283033,29.28360378415937,26.15993325848481,0.15625
4624,51.24,6,0.6000000000000001,0.3999999999999999,0.40188854964645615,-158416.5446692139,-0.002666021826889899,0.0021076118991607416,32.20081326124848,23.30720314620109,0.15625
4625,51.25,4,0.4,0.6,0.3521530339771818,-158469.814182737,-0.0021011260727734687,0.002174131863141946,28.409566764422483,26.325874813220153,0.15625
4626,51.26,4,0.4,0.6,0.5633886553564803,-158433.9917222579,-0.002488458083363069,0.002381890883388746,31.399959864851375,26.891612272376598,0.15625
4627,51.27,5,0.5,0.5,0.12800746109197508,-158467.11803156414,-0.0026030334596394357,0.002453340109766347,32.124118198838445,28.93572212571473,0.15625
4628,51.28,3,0.30000000000000004,0.7,0.3313958578159923,-158537.72489494045,-0.0023465056194678134,0.0020562691454350662,28.611251767740473,24.07519250391172,0.15625
4629,51.29,3,0.30000000000000004,0.7,0.5680301925525209,-158420.78683949256,-0.0023830759151790464,0.0022292892761392206,29.560162555238264,26.626253190656588,0.15625
4630,51.3,3,0.30000000000000004,0.7,0.6581024810002913,-158456.05426162767,-0.0024451414376800516,0.0023642460235099453,31.619571559048648,27.229460897820385,0.15625
4631,51.31,1,0.1,0.9,0.13483629880495013,-158493.1284631391,-0.0023686168578873233,0.002456176332025093,31.25147740218655,28.695480164114286,0.15625
4632,51.32,2,0.2,0.8,0.5706393755706309,-158525.78221689892,-0.0025015941913198725,0.0022299020090345858,33.1061005925416,26.64216917605691,0.15625
4633,51.33,2,0.2,0.8,0.5893152299378798,-158379.23909617,-0.002493280009107682,0.0022027647380016132,31.316849263907446,24.880293458487458,0.15625
4634,51.34,2,0.2,0.8,0.6092352352083873,-158433.78169581346,-0.00208324615839389,0.002220181870112366,27.66815761681181,27.15360477247666,0.15625
4635,51.35,2,0.2,0.8,0.6318705870612571,-158446.61639947133,-0.002481766995510561,0.002291311525453276,30.48082693386794,26.323904274361464,0.15625
4636,51.36,3,0.30000000000000004,0.7,0.7128283177133392,-158510.9299855845,-0.0024169883482480364,0.0022487008095486956,31.036819506206932,26.362324099140583,0.15625
4637,51.37,4,0.4,0.6,0.5135955923735123,-158468.84921532933,-0.0024618607976033663,0.0022281493196036747,31.21405503655498,26.362861485322487,0.15625
4638,51.38,4,0.4,0.6,0.6257692495893468,-158378.50834401144,-0.002608915605044142,0.002400301793696202,32.5328251293696,27.029198350985258,0.15625
4639,51.39,4,0.4,0.6,0.5231242506911653,-158457.29393922136,-0.0021805186311514412,0.0022182701332356756,28.949929215668934,25.57320817220395,0.15625
4640,51.4,6,0.6000000000000001,0.3999999999999999,0.02634643203130082,-158483.53220572148,-0.002368804055021857,0.00247557348841328,29.18056503259475,26.826358536513084,0.15625
4641,51.41,5,0.5,0.5,0.026212420704809142,-158418.50310425318,-0.0025771612630607343,0.0022958032603105196,32.93990846885126,25.380127275749587,0.15625
4642,51.42,6,0.6000000000000001,0.3999999999999999,0.20637360784854128,-158339.2043634138,-0.0023054799211977006,0.002155735323812495,29.129645041462727,26.374800520034718,0.15625
4643,51.43,7,0.7000000000000001,0.29999999999999993,0.22397720582887565,-158492.79360547618,-0.0027303475022463614,0.002252438148577185,32.9985456533304,26.667691228259873,0.15625
4644,51.44,7,0.7000000000000001,0.29999999999999993,0.6911969915495749,-158496.67706795316,-0.002279214120994025,0.0023691851206863917,27.689510753777085,27.642921066083318,0.15625
4645,51.45,8,0.8,0.19999999999999996,0.8513370770859437,-158438.33684968497,-0.0021022798883597216,0.002341015657528605,27.280674655790225,28.71345358778841,0.15625
4646,51.46,8,0.8,0.19999999999999996,0.6692827777892059,-158475.39137715162,-0.002595855237309687,0.002117683258106517,30.75239486413089,24.98637286499526,0.15625
4647,51.47,7,0.7000000000000001,0.29999999999999993,0.6982642882997899,-158405.8725802161,-0.002477951337136547,0.002081280930755135,32.43823520726849,27.1841951148663,0.15625
4648,51.48,7,0.7000000000000001,0.29999999999999993,0.49675547417765203,-158566.8612259356,-0.00241418804868847,0.002434579662874699,29.240892704254904,28.644993098479343,0.15625
4649,51.49,7,0.7000000000000001,0.29999999999999993,0.5911156391787866,-158491.52988732758,-0.002383331811418193,0.0024762983980888623,29.96309912863296,29.492057536762147,0.15625
4650,51.5,7,0.7000000000000001,0.29999999999999993,0.5787857286199382,-158491.25248818236,-0.0023742058596767125,0.0020645066911994417,29.360726225739196,24.72276012829873,0.15625
4651,51.51,8,0.8,0.19999999999999996,0.5119470591569691,-158422.40561939808,-0.0027100736472198423,0.0022354220230187197,32.81468991516698,26.746208258544705,0.15625
4652,51.52,7,0.7000000000000001,0.29999999999999993,0.4375482949386414,-158513.6313203789,-0.0024442319143231795,0.002456533865752045,29.44225589434017,28.352407801182704,0.15625
4653,51.53,7,0.7000000000000001,0.29999999999999993,0.5460868174473764,-158553.92981554757,-0.002211078423414791,0.0021732713581614346,28.504455451458313,26.879914481297707,0.15625
4654,51.54,7,0.7000000000000001,0.29999999999999993,0.36344644636527007,-158511.20539428675,-0.0025294303304040605,0.002275546092747121,30.82280512864288,26.442154555363107,0.15625
4655,51.55,7,0.7000000000000001,0.29999999999999993,0.24168872049456236,-158445.71865463266,-0.0024126248746697897,0.002169509881045198,30.604954180098204,24.621042202980664,0.15625
4656,51.56,6,0.6000000000000001,0.3999999999999999,0.5511596387765508,-158420.95818870858,-0.002182286177529885,0.0021420134059711147,28.363279234949307,26.071337593739536,0.15625
4657,51.57,4,0.4,0.6,0.022210676250178547,-158435.27335361924,-0.002714425155343789,0.0025533437231053512,31.384919954225523,28.087931858163675,0.15625
4658,51.58,4,0.4,0.6,0.43369454443788513,-158412.04201158992,-0.002384291825840514,0.002376595665081009,30.150864174296714,29.607678233845462,0.15625
4659,51.59,4,0.4,0.6,0.25446160886611974,-158350.32069793425,-0.0023164064191995653,0.0022307760526905154,28.199303734376684,24.784290374759163,0.15625
4660,51.6,4,0.4,0.6,0.4441223445831913,-158429.50363132852,-0.002579666616509622,0.0021994893119455187,33.32244243346333,25.291769720584295,0.15625
4661,51.61,4,0.4,0.6,0.4602983902754113,-158426.85401138733,-0.002415531385614406,0.00210949973552931,29.752372378219345,23.234714083539654,0.15625
4662,51.62,3,0.30000000000000004,0.7,0.7204105858238566,-158464.81811495157,-0.0025028890973524515,0.0023033020601678058,33.145855731364364,27.706586366347093,0.15625
4663,51.63,3,0.30000000000000004,0.7,0.6679449158511163,-158464.73731945813,-0.002639074841997863,0.0026226080142939395,31.784356468891417,28.93087827923288,0.15625
4664,51.64,3,0.30000000000000004,0.7,0.6618205645281018,-158348.2495845115,-0.002212390120932408,0.0022104562966017557,30.477812595963226,27.926865277869204,0.15625
4665,51.65,6,0.6000000000000001,0.3999999999999999,0.0006498640488583284,-158379.13648956074,-0.0021568681238363667,0.0020872835032578084,26.75035031298454,24.557744136215447,0.15625
4666,51.66,5,0.5,0.5,0.5497803682370244,-158416.1551629116,-0.0025672114576408838,0.002228804473445878,31.683821414029573,25.78953887032225,0.15625
4667,51.67,6,0.6000000000000001,0.3999999999999999,0.47886236516490904,-158364.2371926165,-0.0024523700490402273,0.0024103779254884532,28.480934691918325,27.205438005961465,0.15625
4668,51.68,5,0.5,0.5,0.36538995510265454,-158433.6173091225,-0.0025280096042715285,0.0021683145596269964,32.615710345907615,25.83630847276801,0.15625
4669,51.69,4,0.4,0.6,0.39411318035255055,-158406.69413064944,-0.0026240571549823112,0.002343039591608891,32.523983206124996,26.47163402881384,0.15625
4670,51.7,4,0.4,0.6,0.4771075099694072,-158378.7560778066,-0.0023156940660530615,0.0023428170304820284,29.514997572262384,25.780163090354797,0.15625
4671,51.71,3,0.30000000000000004,0.7,0.32706693809887577,-158416.6951737527,-0.0023621853599657956,0.002195969391554951,30.101817829422487,24.11805231855362,0.15625
4672,51.72,3,0.30000000000000004,0.7,0.6673995408822417,-158423.52222997422,-0.0026468180699411137,0.002179258109783435,32.487650021662496,25.134885361020597,0.15625
4673,51.73,2,0.2,0.8,0.6998801379547906,-158464.5011048232,-0.00226130588976576,0.0025464069379112515,28.527802719712682,30.079867592848416,0.15625
4674,51.74,1,0.1,0.9,0.7131184656474979,-158555.35187742292,-0.0022511701102330924,0.0024028003878521133,28.87663120131493,29.097188345529098,0.15625
4675,51.75,2,0.2,0.8,0.35653573761262597,-158374.15905278135,-0.002518597289688719,0.002139561696886227,33.133547708630466,26.756998334813968,0.15625
4676,51.76,2,0.2,0.8,0.7102461785383117,-158450.80539178656,-0.0025528281541043942,0.0020200169109026826,33.4910705203404,23.799876786526838,0.15625
4677,51.77,3,0.30000000000000004,0.7,0.33955220580408796,-158401.84134930128,-0.0023457007400707395,0.0023618614841893733,31.915578762811013,26.087904441442024,0.15625
4678,51.78,3,0.30000000000000004,0.7,0.7702326178730754,-158409.58965319925,-0.0023731207593499326,0.002411515686331296,31.572614445593448,26.1756481011605,0.15625
4679,51.79,3,0.30000000000000004,0.7,0.6247343987297539,-158476.4087061452,-0.0024719328808780576,0.0020505378269927623,31.233386112288386,24.570611696521976,0.15625
4680,51.8,3,0.30000000000000004,0.7,0.43719031570055356,-158350.9078862621,-0.002444173485519769,0.0023059885409978872,30.709075489721243,29.075814579780793,0.15625
4681,51.81,4,0.4,0.6,0.5105821280936667,-158441.21401741807,-0.002493362907903287,0.00254726959947213,27.651657557427573,27.80931454087106,0.15625
4682,51.82,5,0.5,0.5,0.542265248152066,-158455.05862442093,-0.002343057135313073,0.0022936708226178023,30.370968310529395,26.296684093439527,0.15625
4683,51.83,6,0.6000000000000001,0.3999999999999999,0.30549033238100526,-158383.33293673128,-0.002345034268018022,0.0021069694737743732,29.8304965713171,23.35912145164021,0.15625
4684,51.84,4,0.4,0.6,0.40056004978549703,-158472.80524345458,-0.0025952103038924426,0.0022908068086198944,33.547928324585634,26.615751449576354,0.15625
4685,51.85,3,0.30000000000000004,0.7,0.46081415598942377,-158490.7884687468,-0.0024930272991335834,0.0023443222877520434,30.66335665906011,27.366622597822403,0.15625
4686,51.86,3,0.30000000000000004,0.7,0.6260751336028363,-158524.96412665467,-0.002490984545257403,0.0020561213077412172,32.052292971465974,26.19600379712015,0.15625
4687,51.87,3,0.30000000000000004,0.7,0.5364629457407973,-158508.51460996552,-0.0025062678338926086,0.002248757832139363,30.477709525399554,25.57368243335317,0.15625
4688,51.88,2,0.2,0.8,0.6380947946084016,-158456.6651054565,-0.002356224493626189,0.002381317365097653,29.618368049904582,26.28963513446036,0.15625
4689,51.89,4,0.4,0.6,0.24772375291485954,-158361.25782595007,-0.00230755384902825,0.002273426895024795,29.070912715411552,25.353425624760238,0.15625
4690,51.9,3,0.30000000000000004,0.7,0.3780483259103296,-158446.52629797693,-0.0025837167671595926,0.002083697364378287,34.43072484192908,26.008801140801452,0.15625
4691,51.91,5,0.5,0.5,0.15325236556979113,-158355.95536712767,-0.002399780213360383,0.002599409959004328,30.942771394387627,29.45929649729917,0.15625
4692,51.92,6,0.6000000000000001,0.3999999999999999,0.0991039498101736,-158424.24021044147,-0.0022558970744311338,0.0023685864298277435,28.78285904965772,26.354844375435725,0.15625
4693,51.93,6,0.6000000000000001,0.3999999999999999,0.43196119072399225,-158408.75403065648,-0.0024334044737931637,0.0019022861523002666,30.288143291526527,21.83800888437248,0.15625
4694,51.94,6,0.6000000000000001,0.3999999999999999,0.21299792971502732,-158381.27613446297,-0.0024532853358104046,0.002186662520997501,30.321149833096158,25.515724115964936,0.15625
4695,51.95,5,0.5,0.5,0.2614095797950727,-158408.44117416622,-0.002401945310469481,0.002505607209809152,28.1822189515089,29.680405213401094,0.15625
4696,51.96,6,0.6000000000000001,0.3999999999999999,0.17358827734328258,-158518.82274230084,-0.0026589181728357844,0.002228565845826313,32.26195326666465,27.710922578288933,0.15625
4697,51.97,5,0.5,0.5,0.3397970828395456,-158393.37473189316,-0.002573140411252975,0.0020463196078507554,30.803880744208886,24.439540196566295,0.15625
4698,51.98,6,0.6000000000000001,0.3999999999999999,0.3960947649545791,-158510.6330130482,-0.002310551155701782,0.002324727412980614,30.37542984562283,26.021839991897636,0.15625
4699,51.99,7,0.7000000000000001,0.29999999999999993,0.5977907126882818,-158474.075820958,-0.002147525609376819,0.002552424568764605,26.170595732659944,28.327037779888535,0.15625
4700,52.0,6,0.6000000000000001,0.3999999999999999,0.01147277850896448,-158462.2236813654,-0.0025770511052862883,0.0020309940029344647,31.585901338208977,24.280748196595447,0.15625
4701,52.01,7,0.7000000000000001,0.29999999999999993,0.5287937611895076,-158550.64383585856,-0.002689609356710165,0.002288465301069919,31.687076007848056,27.164824054365653,0.15625
4702,52.02,8,0.8,0.19999999999999996,0.34456561896513804,-158529.47679765514,-0.002255013183542929,0.002498904402994772,29.460880508575535,29.167968586431197,0.15625
4703,52.03,9,0.9,0.09999999999999998,0.04412703823520386,-158553.347005977,-0.0021545764835888613,0.002256995946292008,28.975970783676438,26.72026977489408,0.15625
4704,52.04,8,0.8,0.19999999999999996,0.7506924002299578,-158609.6810327385,-0.0025523496459288054,0.002131500694941218,31.95270145532874,26.553766191022515,0.15625
4705,52.05,8,0.8,0.19999999999999996,0.7696923816216467,-158400.01749946608,-0.0024157404939764596,0.0021421095107845463,27.39896833233691,27.064934838304893,0.15625
4706,52.06,8,0.8,0.19999999999999996,0.7528274079374158,-158550.27832918343,-0.002446624943113205,0.0024223902355576077,28.326260628796657,30.7840764427034,0.15625
4707,52.07,8,0.8,0.19999999999999996,0.8317161019295913,-158413.133284247,-0.0025714558568288833,0.002244027390441074,31.0738848518238,27.166906316246216,0.15625
4708,52.08,8,0.8,0.19999999999999996,0.7774589089000871,-158446.8407507636,-0.0022138394826426737,0.002413780847250906,29.07377215707714,30.36616911772068,0.15625
4709,52.09,7,0.7000000000000001,0.29999999999999993,0.6198082559964638,-158500.08623466844,-0.0025705585739625525,0.0022330038897374112,32.46683515849406,26.398345445756178,0.15625
4710,52.1,8,0.8,0.19999999999999996,0.2481511694987604,-158414.78700358616,-0.002518124699298834,0.002240004833421158,30.22620857738316,26.72348507029249,0.15625
4711,52.11,7,0.7000000000000001,0.29999999999999993,0.36527699241535655,-158425.07938471585,-0.0023681603433086023,0.002155571386572913,30.55815764409186,26.40824093863087,0.15625
4712,52.12,6,0.6000000000000001,0.3999999999999999,0.23122958497810062,-158354.92546620299,-0.002418357513042209,0.0022943308349975145,30.23151051880914,26.809873686839897,0.15625
4713,52.13,5,0.5,0.5,0.39258911681909486,-158403.75324234864,-0.0021488170370347263,0.002574526736468137,28.427188061150215,30.457868217472342,0.15625
4714,52.14,7,0.7000000000000001,0.29999999999999993,0.4654327523605711,-158469.00400746128,-0.002367272778617688,0.0023469095651314385,28.839990453585447,27.140307758074385,0.15625
4715,52.15,7,0.7000000000000001,0.29999999999999993,0.5982261807315499,-158449.93566316794,-0.00273168764408135,0.001972508762149311,31.993185354266746,22.87099224322643,0.15625
4716,52.16,7,0.7000000000000001,0.29999999999999993,0.6130412666783989,-158415.29833231424,-0.002440298004745195,0.0019988735199257496,30.028069392076404,22.952779854854217,0.15625
4717,52.17,7,0.7000000000000001,0.29999999999999993,0.5253414072283297,-158442.98286423864,-0.002234762269549915,0.0025076839515304136,29.21773494619928,29.49300972646259,0.15625
4718,52.18,7,0.7000000000000001,0.29999999999999993,0.4706513471166532,-158387.41386161058,-0.002609099919783598,0.002452471748703264,30.465268685318257,27.3219947984935,0.15625
4719,52.19,8,0.8,0.19999999999999996,0.4896890489169575,-158398.3976634988,-0.0024645463039299027,0.002085124257970631,31.967377516360138,27.074515145332118,0.15625
4720,52.2,6,0.6000000000000001,0.3999999999999999,0.3074769928653656,-158365.20529357163,-0.0024265132508715865,0.0023022607017678474,28.46576957523631,26.270643690375447,0.15625
4721,52.21,8,0.8,0.19999999999999996,0.5861186859334548,-158391.8707984647,-0.0022294524838083344,0.002393841305927301,27.629627563679364,27.771491316722397,0.15625
4722,52.22,8,0.8,0.19999999999999996,0.16285767116087568,-158538.34532629166,-0.002165621819555871,0.002375314669240625,27.859575367505705,27.279399129792036,0.15625
4723,52.23,8,0.8,0.19999999999999996,0.781273523529663,-158458.09318202006,-0.0027602835306097576,0.002194762822663645,36.66431618697756,26.863088713185398,0.15625
4724,52.24,8,0.8,0.19999999999999996,0.5910887220692523,-158505.31894834645,-0.0025788857955454155,0.002341445135332093,32.481651004027206,29.484472211567542,0.15625
4725,52.25,9,0.9,0.09999999999999998,0.6462925380422595,-158537.86955430728,-0.0021446721048013605,0.0021661629990300333,26.556997454363312,28.614653599875098,0.15625
4726,52.26,9,0.9,0.09999999999999998,0.9754380010190467,-158520.52457605634,-0.0022982873972330555,0.0020908222400398604,25.743887184053836,27.08474207946196,0.15625
4727,52.27,9,0.9,0.09999999999999998,0.9508801266284457,-158568.01218777927,-0.0023449963719755582,0.002383100151321581,27.17812482489431,31.072317694572707,0.15625
4728,52.28,9,0.9,0.09999999999999998,0.8565324014106939,-158548.9384452305,-0.0025247966351141632,0.002531011966139196,31.756117097166072,31.69490071045369,0.15625
4729,52.29,8,0.8,0.19999999999999996,0.4315495333652257,-158463.70454103546,-0.0025845763615793553,0.002388596891143213,33.942413535818496,28.83275795554457,0.15625
4730,52.3,8,0.8,0.19999999999999996,0.734467012768754,-158438.98242601042,-0.002296167285911292,0.002185740154798609,32.3903262346303,26.321312142465757,0.15625
4731,52.31,6,0.6000000000000001,0.3999999999999999,0.2563825353439645,-158312.80619218474,-0.0023007971478613727,0.0020677723600776026,28.960750826575687,24.28869008753151,0.15625
4732,52.32,6,0.6000000000000001,0.3999999999999999,0.3109561293320083,-158381.90504409786,-0.002396687034402112,0.0022587802348381474,27.17835509165243,26.313182429590288,0.15625
4733,52.33,7,0.7000000000000001,0.29999999999999993,0.29123180237859075,-158391.6938709012,-0.0024955891963176604,0.00236266778049531,29.875113266320973,29.16293158002564,0.15625
4734,52.34,7,0.7000000000000001,0.29999999999999993,0.5792064945439104,-158441.71104824668,-0.0024762431828921935,0.002491817753290813,30.499878970004225,30.28931291045056,0.15625
4735,52.35,7,0.7000000000000001,0.29999999999999993,0.6032351163563006,-158445.45396184278,-0.0023528693182969075,0.0023195857422253358,29.40906925493701,28.194623973136135,0.15625
4736,52.36,7,0.7000000000000001,0.29999999999999993,0.3729272964362676,-158492.88429486702,-0.0025507704085932304,0.001989956191925321,32.76445243164948,24.07853581328847,0.15625
4737,52.37,8,0.8,0.19999999999999996,0.6499389451948498,-158475.68981856768,-0.002571771208849593,0.00181894561783705,31.726483794429214,19.8598564422409,0.15625
4738,52.38,9,0.9,0.09999999999999998,0.24976900649033362,-158542.0323029953,-0.002297804095563034,0.0023752384595921825,29.31032454685206,27.53509538232768,0.15625
4739,52.39,8,0.8,0.19999999999999996,0.7137134268269757,-158526.2393520049,-0.0025182408953798793,0.002746893044412147,29.699494815413072,30.747116387864263,0.15625
4740,52.4,8,0.8,0.19999999999999996,0.7181947049943316,-158498.6802177386,-0.0023118309394637338,0.002314186446957478,28.947332060428213,29.898547580851346,0.15625
4741,52.41,5,0.5,0.5,0.5248333603451655,-158361.34940015746,-0.002483889363041358,0.002204853479112013,30.552187492037124,27.0945971341129,0.15625
4742,52.42,8,0.8,0.19999999999999996,0.009376144640636321,-158437.22870844766,-0.0024557251004814163,0.002324742261814425,28.817822184842257,27.74953940351017,0.15625
4743,52.43,8,0.8,0.19999999999999996,0.44879215199297195,-158462.27674748993,-0.0021332303571970274,0.0019973668591229234,28.109169533264133,23.849239014747543,0.15625
4744,52.44,9,0.9,0.09999999999999998,0.427267659699921,-158540.2187312743,-0.0024701530732033506,0.0023859138131105432,31.62789266006539,29.458247515389345,0.15625
4745,52.45,9,0.9,0.09999999999999998,0.7692257475319024,-158576.44295047628,-0.002797276678101441,0.0024166135223421172,33.08692247016328,29.31757712228345,0.15625
4746,52.46,9,0.9,0.09999999999999998,0.4664052719254196,-158456.12891498962,-0.002341460134598016,0.0020962666570840047,30.656560306561218,28.525826473018956,0.15625
4747,52.47,9,0.9,0.09999999999999998,0.8965380637355959,-158573.3394505953,-0.002624489598693258,0.0024151498477302785,30.389366666041244,27.857811435350843,0.15625
4748,52.48,9,0.9,0.09999999999999998,0.6962293719352934,-158593.36906775433,-0.0021893781919779354,0.0024102376471269718,26.221915760198534,28.176267770291833,0.15625
4749,52.49,8,0.8,0.19999999999999996,0.1643703990107433,-158543.44070503386,-0.0021979344497584426,0.0024147027999309478,29.23315451852282,29.905653746250348,0.15625
4750,52.5,9,0.9,0.09999999999999998,0.8638212345922599,-158530.604347621,-0.002818595658438793,0.00232219970045847,34.80988860031164,28.75386152804194,0.15625
4751,52.51,9,0.9,0.09999999999999998,0.8300958453408526,-158534.25167375867,-0.0024159484567778115,0.002066942477075493,29.833626791724154,29.567253475684524,0.15625
4752,52.52,8,0.8,0.19999999999999996,0.42273844937087585,-158488.79093832048,-0.0024125054721098388,0.0022320505039619787,29.554219759521022,28.961202285792037,0.15625
4753,52.53,8,0.8,0.19999999999999996,0.558126833420658,-158338.0071002997,-0.002198876573828109,0.002433241779652294,25.78623168079586,30.064628016264184,0.15625
4754,52.54,7,0.7000000000000001,0.29999999999999993,0.13439739979574164,-158446.46405275745,-0.0022250987497154516,0.002244121150250051,29.239242410233604,27.901942583963656,0.15625
4755,52.55,5,0.5,0.5,0.33323369926932256,-158347.3479891583,-0.00237977701530596,0.0024189686759208164,29.347398045708466,28.310012144496195,0.15625
4756,52.56,5,0.5,0.5,0.46344061412257975,-158323.85807379716,-0.0024534969693712568,0.0023392669097681666,31.293267698818223,27.20086439822878,0.15625
4757,52.57,4,0.4,0.6,0.5422627493788404,-158320.96021684963,-0.002574322824962486,0.002280102180587235,31.510251646683404,25.582443675566974,0.15625
4758,52.58,3,0.30000000000000004,0.7,0.26367968820448706,-158402.79091895395,-0.002534871369869859,0.0023241645326837123,30.952133123041577,26.375711383248156,0.15625
4759,52.59,2,0.2,0.8,0.6281487084301879,-158378.67068512892,-0.002415351862963877,0.0020996864277718096,28.682294086655666,23.91557359837874,0.15625
4760,52.6,3,0.30000000000000004,0.7,0.5365562094666607,-158281.90043925666,-0.002242996750972654,0.0022747735386109908,25.710442584396848,25.759671217846506,0.15625
4761,52.61,2,0.2,0.8,0.5124937470571722,-158301.9299473179,-0.0023561114998750373,0.0023964556475916175,29.511995487790198,28.33834625728696,0.15625
4762,52.62,2,0.2,0.8,0.43828487936364985,-158406.88326586137,-0.0025342637980709437,0.0022015072555375296,32.261535239360455,28.055445373013075,0.15625
4763,52.63,2,0.2,0.8,0.7405954672860635,-158354.4574073301,-0.002685577679012789,0.0021806285669876743,35.83236704251248,25.70340085811844,0.15625
4764,52.64,2,0.2,0.8,0.4760998670673829,-158409.41630905806,-0.0020677649335628942,0.002426450094282658,26.56112201962653,26.816308045565897,0.15625
4765,52.65,2,0.2,0.8,0.6304840760863164,-158318.1327267642,-0.002135536349952033,0.0021144542613331057,27.995710337458405,24.299530549800618,0.15625
4766,52.66,1,0.1,0.9,0.9185908096337821,-158419.5509225741,-0.0025041019714332558,0.0022906929094886727,30.463054155308225,28.204318394083135,0.15625
4767,52.67,1,0.1,0.9,0.9998902396679028,-158395.18840725312,-0.002641595563373314,0.00240209442824007,34.07768762263793,29.44749763357447,0.15625
4768,52.68,1,0.1,0.9,0.9990109435087109,-158343.58955974542,-0.002560819745829666,0.0023710112328065337,34.755484200950754,27.779497732685137,0.15625
4769,52.69,1,0.1,0.9,0.9252761443496673,-158499.389682395,-0.0024570589159643146,0.002256001464540053,32.611816540278525,24.091517435179302,0.15625
4770,52.7,1,0.1,0.9,0.9830049718821133,-158369.34780996066,-0.002211285543706429,0.0023276070354940775,30.866559327334294,26.882205745748948,0.15625
4771,52.71,2,0.2,0.8,0.3353949067123923,-158274.0913450645,-0.0025252768489224383,0.002363820210262271,29.75430466362294,28.89186914596698,0.15625
4772,52.72,1,0.1,0.9,0.3909214340481572,-158391.68299610607,-0.002533780152025924,0.002145981958389831,30.806565723671113,26.586396085788977,0.15625
4773,52.73,1,0.1,0.9,0.7003640650374519,-158291.77060565253,-0.0022826840986501233,0.002110830306024152,29.32488819987512,26.972874461119932,0.15625
4774,52.74,1,0.1,0.9,0.9019526901174247,-158341.6461159624,-0.00220047118223287,0.002243501433074802,30.219495605241512,28.497977383248664,0.15625
4775,52.75,1,0.1,0.9,0.9391760610109174,-158329.85899987337,-0.002396238729372254,0.0024463174498834585,32.332617565649215,29.416237758307112,0.15625
4776,52.76,1,0.1,0.9,0.9745640604651296,-158377.52997954114,-0.002512171159352015,0.0022307675600171267,31.991298864639127,25.49649309783686,0.15625
4777,52.77,1,0.1,0.9,0.9149003251093707,-158415.58949175433,-0.0024986894366645107,0.0022838004978267923,31.685961877340695,25.910492786387053,0.15625
4778,52.78,2,0.2,0.8,0.31987564911702937,-158273.22640197809,-0.002365255173334814,0.0022413329774878697,29.9902561808092,26.696865778446067,0.15625
4779,52.79,2,0.2,0.8,0.19702579387993774,-158463.18914164876,-0.0021494717470726486,0.002256199882304715,27.409191600419735,26.654863620820258,0.15625
4780,52.8,2,0.2,0.8,0.40862914602656114,-158360.24224204023,-0.002457644425266411,0.0022807371056192357,29.03266050088813,25.543977032509392,0.15625
4781,52.81,3,0.30000000000000004,0.7,0.6866402394535767,-158325.1567925345,-0.002707366138145896,0.0021977272272917497,35.33434336112841,25.77358490298875,0.15625
4782,52.82,4,0.4,0.6,0.1277689986739186,-158358.08529275047,-0.0025077732010702265,0.002505031262262733,33.063510157549686,29.409051491008196,0.15625
4783,52.83,4,0.4,0.6,0.5159032296738412,-158433.33579701907,-0.00214881634868736,0.0023283288928274003,27.596592434461066,27.39250598583087,0.15625
4784,52.84,5,0.5,0.5,0.5676988666734379,-158370.712120692,-0.0023835224698016515,0.002043921060704491,28.32547748142789,24.302283100172204,0.15625
4785,52.85,6,0.6000000000000001,0.3999999999999999,0.08766593093994894,-158391.01272098816,-0.0024004948666538064,0.0021083188197171224,29.204837482526806,26.02330184798005,0.15625
4786,52.86,7,0.7000000000000001,0.29999999999999993,0.3833935643576282,-158381.09667945633,-0.0024314641406747804,0.0024850829455311542,30.547279459939702,29.71491550147724,0.15625
4787,52.87,5,0.5,0.5,0.5544407924395138,-158395.13611132442,-0.0026135524706315475,0.002597353657781187,31.837371531446777,29.891806234513794,0.15625
4788,52.88,4,0.4,0.6,0.5070425500458944,-158383.84333129897,-0.002477468206836304,0.001957523224415491,30.742668197082047,23.164392788725817,0.15625
4789,52.89,4,0.4,0.6,0.6645922941913446,-158339.95094699383,-0.0024421029095700827,0.0018565141015202432,30.3045277950925,21.099105681727064,0.15625
4790,52.9,3,0.30000000000000004,0.7,0.1814010011412168,-158312.81779106468,-0.0022704305888211844,0.002547262270177998,27.627429491972507,26.71522151465574,0.15625
4791,52.91,2,0.2,0.8,0.43556030678412855,-158469.57293120504,-0.0022103432005124235,0.0026224964801794945,29.341965152184645,30.07737495802897,0.15625
4792,52.92,3,0.30000000000000004,0.7,0.5021693148243801,-158304.40368490334,-0.0028211923238473783,0.0022564753811813395,35.3164857324631,26.148352767824974,0.15625
4793,52.93,3,0.30000000000000004,0.7,0.2725039472672477,-158454.73570211476,-0.002510951296765172,0.002111079211639391,32.1221626914491,25.59476121806387,0.15625
4794,52.94,3,0.30000000000000004,0.7,0.48814283615372694,-158344.39274617386,-0.0021712047282764864,0.0023609686484515153,28.467236373921057,24.89979306757525,0.15625
4795,52.95,3,0.30000000000000004,0.7,0.32570829149829544,-158379.6574756698,-0.0022809046270661766,0.00216715755088833,31.014511693097994,25.346878030689822,0.15625
4796,52.96,5,0.5,0.5,0.11255410268990954,-158289.3084408183,-0.002578474159196362,0.0020678545712354956,32.9953996690063,25.54849507034199,0.15625
4797,52.97,4,0.4,0.6,0.5585112059930308,-158487.8066989927,-0.00254520719005655,0.0024247915355231544,31.33077952183774,31.243506654010194,0.15625
4798,52.98,5,0.5,0.5,0.5214715704083044,-158328.89977729335,-0.0023658066735660387,0.002405562466824925,28.418889209084767,28.445421550050508,0.15625
4799,52.99,6,0.6000000000000001,0.3999999999999999,0.18692924085863316,-158466.27869374584,-0.002214371612379387,0.0024649887802951982,27.151294285443885,27.33937820470718,0.15625
4800,53.0,4,0.4,0.6,0.22524052478812037,-158365.2913141537,-0.0022258434212299115,0.0021892537925547193,27.901700602417602,24.38887427752185,0.15625
4801,53.01,5,0.5,0.5,0.4501866217916389,-158317.66330867537,-0.0025097875365531677,0.001879636226901861,31.807222549960997,22.571714520214762,0.15625
4802,53.02,4,0.4,0.6,0.5191740196452561,-158379.84573145898,-0.0027002276269843866,0.002129305719507976,34.08085409959682,26.13619039874564,0.15625
4803,53.03,5,0.5,0.5,0.1970076126168656,-158348.121989645,-0.002589991811754697,0.0027562796559853376,32.34117865624223,29.66682587949532,0.15625
4804,53.04,4,0.4,0.6,0.5205372378788238,-158357.51036379804,-0.0022693227505708505,0.002523399485930615,29.30082900942864,27.636739885024955,0.15625
4805,53.05,5,0.5,0.5,0.3293557186933971,-158330.02654835262,-0.0023014273498335983,0.0018709094617248235,29.389424818178192,19.758844153958602,0.15625
4806,53.06,5,0.5,0.5,0.34135043276298616,-158415.19366078748,-0.0025159214902438732,0.0019459342013094362,30.273129773876903,22.718132634631512,0.15625
4807,53.07,7,0.7000000000000001,0.29999999999999993,0.050268998601241295,-158252.44246533595,-0.00254000828406262,0.0021822735657970323,32.40284346373911,27.352231722969012,0.15625
4808,53.08,6,0.6000000000000001,0.3999999999999999,0.3884802962225897,-158359.99204585492,-0.0022568615877873134,0.0025374094979837415,29.221467907961223,33.957184473460536,0.15625
4809,53.09,6,0.6000000000000001,0.3999999999999999,0.5335010440123531,-158289.29094723696,-0.0026162907431437343,0.0025365593792410993,31.175094239208597,30.219363689843103,0.15625
4810,53.1,6,0.6000000000000001,0.3999999999999999,0.40775287955669093,-158289.39175312515,-0.0022568094037560375,0.002177235914911289,27.624826655989043,26.204520302458018,0.15625
4811,53.11,8,0.8,0.19999999999999996,0.2521667510829158,-158411.35697722388,-0.002090224567366342,0.0018345500009190705,26.09212675621803,21.271455673177083,0.15625
4812,53.12,8,0.8,0.19999999999999996,0.44694407211130266,-158462.9887481272,-0.002451388163219287,0.0022155068845885833,30.70595459749708,25.48933775849751,0.15625
4813,53.13,7,0.7000000000000001,0.29999999999999993,0.42624584827327733,-158333.24661418222,-0.0025668344601794137,0.0026048360011856533,32.46456527165121,31.88931520944128,0.15625
4814,53.14,6,0.6000000000000001,0.3999999999999999,0.05054108474841609,-158267.56175230493,-0.002557155569614257,0.0023611309412944403,33.157665342518136,28.708617885682443,0.15625
4815,53.15,5,0.5,0.5,0.34469406758581983,-158302.89172816832,-0.0026010045664627305,0.002101579079409174,30.47486792246919,24.441535996302783,0.15625
4816,53.16,5,0.5,0.5,0.47993247647530574,-158274.8374506831,-0.0023945137803337677,0.0020253486260535082,28.35830108029814,20.98396662912664,0.15625
4817,53.17,6,0.6000000000000001,0.3999999999999999,0.4307104928493199,-158326.65619358997,-0.001975791917933311,0.0022639476741855113,24.794378043839064,25.271642322110417,0.15625
4818,53.18,6,0.6000000000000001,0.3999999999999999,0.4126458218208795,-158231.14217052257,-0.0025785154223615463,0.002595861349132038,30.85372897784332,29.44630186792574,0.15625
4819,53.19,8,0.8,0.19999999999999996,0.44587148267122156,-158366.02311447653,-0.002592294574476287,0.0023386630770515352,30.869739692711367,31.23759926339578,0.15625
4820,53.2,8,0.8,0.19999999999999996,0.5843339580814344,-158385.17546591721,-0.0025517880039711014,0.00206597507312163,32.647248828167214,26.74893266328154,0.15625
4821,53.21,9,0.9,0.09999999999999998,0.925059418790628,-158472.20417567622,-0.002462703367406709,0.002277701128163851,31.479681601959776,27.393605263754754,0.15625
4822,53.22,9,0.9,0.09999999999999998,0.9571728439913351,-158531.59300435588,-0.0022104324391200815,0.0023560413291304687,29.853864983024696,27.882869410876758,0.15625
4823,53.23,9,0.9,0.09999999999999998,0.9965551378993298,-158435.87767198772,-0.0021208429097505322,0.0024728530839121803,26.311702298934186,30.298848541834676,0.15625
4824,53.24,9,0.9,0.09999999999999998,0.993036242262101,-158504.12251196356,-0.0024297067446020287,0.0022206667406706525,27.92744888353402,32.69644862705715,0.15625
4825,53.25,9,0.9,0.09999999999999998,0.9989177901842388,-158452.37609016616,-0.002808873893522702,0.0023547964863492622,31.027038089224,32.92307899001574,0.15625
4826,53.26,9,0.9,0.09999999999999998,0.9991207191883344,-158457.5603050952,-0.002359947988002991,0.002389417999553728,29.10818135873881,34.00072205370915,0.15625
4827,53.27,9,0.9,0.09999999999999998,0.9595973290197678,-158463.121467279,-0.002200927287987912,0.002189563182529983,28.41077807378961,26.555672955222242,0.15625
4828,53.28,9,0.9,0.09999999999999998,0.9232285953085994,-158544.8127829683,-0.002365575979724778,0.002415949555158977,30.938235948048444,28.565723187834713,0.15625
4829,53.29,8,0.8,0.19999999999999996,0.19358497399327224,-158245.43996184092,-0.002586085749794149,0.0022692489085042204,31.889487113789468,25.10992019362321,0.15625
4830,53.3,8,0.8,0.19999999999999996,0.46917748901019907,-158409.23891219852,-0.00260018644818208,0.0022928199312910874,32.74694844052736,27.095914337702496,0.15625
4831,53.31,7,0.7000000000000001,0.29999999999999993,0.5117848222737221,-158354.89400121485,-0.0026293925752799226,0.002289471692188548,32.360798733448725,27.107292735883547,0.15625
4832,53.32,8,0.8,0.19999999999999996,0.2069682522780489,-158358.17720468313,-0.002214042799968212,0.0023304466348170903,27.337914887158526,28.198651793625814,0.15625
4833,53.33,8,0.8,0.19999999999999996,0.6102418057545359,-158389.67885846173,-0.0021134471722515863,0.002464840242483372,25.58472807422052,29.013530748465968,0.15625
4834,53.34,9,0.9,0.09999999999999998,0.30218989550812997,-158452.49785892907,-0.002513534521153856,0.002130434969842067,30.289635152643566,26.104756998338054,0.15625
4835,53.35,9,0.9,0.09999999999999998,0.7248896148600875,-158463.34449886766,-0.0026150892093100516,0.0021985597626992823,31.478021183145383,26.706720141446677,0.15625
4836,53.36,9,0.9,0.09999999999999998,0.9153135856788723,-158499.52774972006,-0.002344489549985211,0.002155660878578379,31.96865164930489,26.740453511506797,0.15625
4837,53.37,9,0.9,0.09999999999999998,0.7804934956562254,-158476.56678472506,-0.002233313163422564,0.002437241236512331,28.390424099013437,30.695994644762852,0.15625
4838,53.38,8,0.8,0.19999999999999996,0.05614367256887284,-158374.32730435234,-0.0023676341946547905,0.002371947276529733,27.7966073450684,29.520052953645592,0.15625
4839,53.39,9,0.9,0.09999999999999998,0.976112487956271,-158526.51735102796,-0.0024521562054736668,0.002135034390124827,28.858542035186144,31.212515742305026,0.15625
4840,53.4,9,0.9,0.09999999999999998,0.847015879228917,-158455.26578117136,-0.002752064525845007,0.0022670036796053877,29.896661311286888,28.40872805429799,0.15625
4841,53.41,8,0.8,0.19999999999999996,0.635555836640655,-158433.55835284432,-0.0022481632289782414,0.002437923728888983,29.77910890883979,30.433785662008482,0.15625
4842,53.42,7,0.7000000000000001,0.29999999999999993,0.23619980464513365,-158374.18535968082,-0.002305109734065421,0.002501669329029888,31.356199993826003,27.17437030623062,0.15625
4843,53.43,4,0.4,0.6,0.4041340564934755,-158262.02379791692,-0.0026116516140045707,0.0024934125612784694,33.646409588473354,27.593336308479653,0.15625
4844,53.44,3,0.30000000000000004,0.7,0.9328337839092619,-158301.6041410955,-0.002567694871704553,0.0027177635366211405,33.130080092483105,31.974882411054462,0.15625
4845,53.45,3,0.30000000000000004,0.7,0.9599815179591438,-158314.29184735953,-0.002510489180542456,0.0027688979533805123,30.89519149854246,31.775906593295534,0.15625
4846,53.46,3,0.30000000000000004,0.7,0.9619730857435455,-158308.09909372687,-0.0023716600885498517,0.0024764259404982648,29.43089260407084,27.47517223588914,0.15625
4847,53.47,3,0.30000000000000004,0.7,0.9933379457335295,-158336.92772716706,-0.0025479284690899683,0.002524228328815901,32.75254164621525,26.51681269497219,0.15625
4848,53.48,3,0.30000000000000004,0.7,0.9913075443235065,-158308.455933691,-0.0027720159309336545,0.0031069271715171197,33.75194351318808,31.76670423408612,0.15625
4849,53.49,3,0.30000000000000004,0.7,0.9742455421499616,-158309.91099121646,-0.002725375760784702,0.002645339897191787,37.254317335252495,30.15009064308504,0.15625
4850,53.5,3,0.30000000000000004,0.7,0.9587678344349274,-158318.0696917492,-0.0025640944878625453,0.0026080511182235023,34.47108585362285,30.417012117142356,0.15625
4851,53.51,2,0.2,0.8,0.2836631812168734,-158299.67595302133,-0.0023899017133054046,0.0026311213732962187,32.05565476574401,28.285472950219763,0.15625
4852,53.52,3,0.30000000000000004,0.7,0.7302176129656647,-158344.72560258277,-0.0022200615543272167,0.0024992625812947037,28.649821242263172,28.497418788028863,0.15625
4853,53.53,3,0.30000000000000004,0.7,0.7187103459685358,-158336.40478213143,-0.0026947330534816175,0.0026577336807191623,32.14624695400271,31.228663084471123,0.15625
4854,53.54,2,0.2,0.8,0.7586171956621933,-158448.3311307322,-0.002649356873753022,0.002733647900589442,30.191410296083905,31.520399088039042,0.15625
4855,53.55,2,0.2,0.8,0.8896666557947324,-158341.9133890347,-0.0022097113564131304,0.0025314957953757916,29.431034074587924,30.32547227966623,0.15625
4856,53.56,3,0.30000000000000004,0.7,0.6869547652050225,-158370.80023124177,-0.002597007812576821,0.0030097227076057546,31.756950919961508,31.656695111363053,0.15625
4857,53.57,3,0.30000000000000004,0.7,0.9233316423853175,-158383.29851896025,-0.0025522147461941825,0.0027830574058484974,32.14194011250022,31.92258326780579,0.15625
4858,53.58,3,0.30000000000000004,0.7,0.6294119218359109,-158253.64509180616,-0.0025644602158527013,0.00210083019683125,34.6185327264824,23.888219080118997,0.15625
4859,53.59,3,0.30000000000000004,0.7,0.9621475801009796,-158301.45542010508,-0.002653356796976435,0.0026086759532149366,34.86760788631309,28.03066036079401,0.15625
4860,53.6,3,0.30000000000000004,0.7,0.986777723392711,-158311.36042986473,-0.002444220166145061,0.003106888323774385,33.4315809591081,31.193438741780774,0.15625
4861,53.61,3,0.30000000000000004,0.7,0.9553640591437409,-158333.01718123097,-0.002464094579220649,0.0026076313834233603,34.07375310352497,29.418126501436596,0.15625
4862,53.62,3,0.30000000000000004,0.7,0.9177370357334814,-158409.62680817622,-0.0028645372643497083,0.0025824614606160964,34.296454352829656,29.862778139203538,0.15625
4863,53.63,3,0.30000000000000004,0.7,0.8313464921784858,-158311.92369842157,-0.00269608583003607,0.002803541880639378,31.965025299686232,32.55914195549001,0.15625
4864,53.64,4,0.4,0.6,0.5697491863562426,-158228.73301997,-0.002135510264211782,0.0025279169640284906,25.69593458942195,28.44275159280025,0.15625
4865,53.65,3,0.30000000000000004,0.7,0.8522910659178105,-158291.7792188768,-0.002351440081960174,0.0025557520261151496,30.28711267717253,27.422673022077547,0.15625
4866,53.66,3,0.30000000000000004,0.7,0.8921625510408567,-158383.81062047384,-0.0025848243080096945,0.0026445759285328926,33.69520845512122,28.23918207463312,0.15625
4867,53.67,2,0.2,0.8,0.8930730837794851,-158231.2329651064,-0.0026065110881688535,0.002630914605590585,35.50986255699008,30.078733615051654,0.15625
4868,53.68,2,0.2,0.8,0.9902617533144444,-158291.22400756358,-0.0027780919762346312,0.0028690850325836246,34.51225846064678,33.36000786411261,0.15625
4869,53.69,2,0.2,0.8,0.9671266265703939,-158305.56765187377,-0.002366032819042297,0.002622083979635996,29.35508974878044,31.475805643050126,0.15625
4870,53.7,2,0.2,0.8,0.9978038965543273,-158267.67639277125,-0.0024104535670050526,0.0026016292912534717,28.83325338490975,29.079979498791428,0.15625
4871,53.71,2,0.2,0.8,0.9751249715239511,-158354.9466907597,-0.002465346290866056,0.0027747742679022133,31.666713950734675,30.421970955313636,0.15625
4872,53.72,2,0.2,0.8,0.9910091559217036,-158408.76133704654,-0.002691563815551644,0.002856948042776652,36.80758202233191,32.504318013934004,0.15625
4873,53.73,2,0.2,0.8,0.9507154206344839,-158266.32173029915,-0.0028025523216752206,0.0025529032104263535,36.981961363243265,28.543725361840316,0.15625
4874,53.74,3,0.30000000000000004,0.7,0.17150480146135194,-158200.79643982794,-0.002289363578297537,0.002455786458115407,32.91204587842723,29.456839357425533,0.15625
4875,53.75,3,0.30000000000000004,0.7,0.7706846872997007,-158241.5968353661,-0.0023223806705946733,0.0029231633035629936,27.123485811395774,30.7676567921318,0.15625
4876,53.76,2,0.2,0.8,0.5067570401549577,-158285.1385847994,-0.0023980167975427924,0.0024611704030619466,28.41970130039912,29.418824232343013,0.15625
4877,53.77,2,0.2,0.8,0.9930198756727646,-158283.05833208348,-0.002516431252354008,0.0024352095086214603,31.31048967977013,29.820619278280866,0.15625
4878,53.78,3,0.30000000000000004,0.7,0.6063970737037011,-158290.9435473377,-0.0027770893751983233,0.0030956434419342825,34.061878593114,32.65103171186496,0.15625
4879,53.79,3,0.30000000000000004,0.7,0.8705164680856912,-158315.72638023912,-0.002263724740750276,0.002758237404833176,34.310124185501365,32.56197536689374,0.15625
4880,53.8,3,0.30000000000000004,0.7,0.8564194370889936,-158262.11335464174,-0.002669351604715663,0.002517648511083811,34.12983211496983,26.781739479187635,0.15625
4881,53.81,3,0.30000000000000004,0.7,0.8960586292662954,-158213.37287451662,-0.0025526759348557036,0.0024725455042306044,31.34649764287277,27.981321808371288,0.15625
4882,53.82,3,0.30000000000000004,0.7,0.7327896801851354,-158403.95247585283,-0.002606752342098221,0.0024710900283952016,30.851797496814697,27.42582992848656,0.15625
4883,53.83,3,0.30000000000000004,0.7,0.6612129754477859,-158306.25840740188,-0.0026060696313234466,0.00284306270038524,32.116181056504324,31.05009002182219,0.15625
4884,53.84,3,0.30000000000000004,0.7,0.8668744239351733,-158242.06673375893,-0.0023247198469233442,0.0028712712072036916,31.91070905151132,31.161764050368458,0.15625
4885,53.85,3,0.30000000000000004,0.7,0.751605360561723,-158380.23732035817,-0.002503826489157036,0.002712937482661701,35.013904401477205,29.727607165579638,0.15625
4886,53.86,3,0.30000000000000004,0.7,0.6526762990017475,-158303.77962057732,-0.0027560339565896206,0.002620340258257041,34.20316126456736,28.277695292161876,0.15625
4887,53.87,4,0.4,0.6,0.6087438103949809,-158291.10640885713,-0.002433218962034798,0.00260745542888566,30.785581990643404,29.835045319947135,0.15625
4888,53.88,4,0.4,0.6,0.9019714013210716,-158234.0759534046,-0.0023943244988677372,0.0026005568066409072,28.780513951064215,28.312949813281787,0.15625
4889,53.89,4,0.4,0.6,0.6036254394044314,-158359.15064730565,-0.0023925295788876817,0.0026966627240792057,29.66780802887517,31.231176350938128,0.15625
4890,53.9,4,0.4,0.6,0.3769808496186985,-158253.74320319542,-0.0027106216150980297,0.0026195284206776605,36.11805250992543,30.462390444972264,0.15625
4891,53.91,4,0.4,0.6,0.33109587628291304,-158292.8929195689,-0.0027104599743398793,0.0026428906280522215,34.06934234359734,28.616913792441224,0.15625
4892,53.92,4,0.4,0.6,0.40671232878769636,-158347.36153931162,-0.0024133617064796588,0.0028730960505690493,32.15401180475915,30.775208084322717,0.15625
4893,53.93,4,0.4,0.6,0.8430860146510152,-158293.49295654293,-0.0024405200115069662,0.0027542771415927482,29.092846048004766,27.09141166836143,0.15625
4894,53.94,4,0.4,0.6,0.6740392710467924,-158208.8238010007,-0.0025118289265446555,0.0023781632110529884,31.520641555374365,27.418975178379515,0.15625
4895,53.95,3,0.30000000000000004,0.7,0.3112944159205762,-158341.11404288723,-0.0026771885494797664,0.0025764186371883173,32.54872760917679,29.513535623543397,0.15625
4896,53.96,3,0.30000000000000004,0.7,0.4975658724751602,-158296.22752930282,-0.002655259273724494,0.002667324981560385,36.40776404683327,30.265916101518073,0.15625
4897,53.97,2,0.2,0.8,0.805207869916646,-158329.95279213224,-0.0024805555916981446,0.0027323836544372914,34.108363011836964,29.124640117934195,0.15625
4898,53.98,2,0.2,0.8,0.9614098315283696,-158414.98213256852,-0.0025439511893381333,0.002761093283223019,35.31669547167996,29.96936180560264,0.15625
4899,53.99,2,0.2,0.8,0.9890424324098596,-158354.11796553998,-0.0023943130957858887,0.002755136048564109,30.058375914386627,32.708103465430696,0.15625
4900,54.0,2,0.2,0.8,0.9880584953690732,-158390.11794218287,-0.002511203051109503,0.0027345178101152363,28.923288033932046,32.72670069636299,0.15625
4901,54.01,2,0.2,0.8,0.9956511278965012,-158287.15921526848,-0.0023723029756645858,0.0025446858530428365,28.345224252538515,30.78655195815073,0.15625
4902,54.02,2,0.2,0.8,0.99633821695113,-158323.09174021182,-0.0024893847594988933,0.002656095181949393,30.73774310553573,29.687558366297427,0.15625
4903,54.03,3,0.30000000000000004,0.7,0.519456050152096,-158235.19332782738,-0.0025701982812118174,0.002567259015449465,37.04534188565535,27.356809390770895,0.15625
4904,54.04,2,0.2,0.8,0.8946755533011536,-158437.69911192387,-0.002404122151997999,0.0029507026474879187,34.16437935220435,32.85463337248111,0.15625
4905,54.05,2,0.2,0.8,0.9979807637873931,-158315.43307126232,-0.002586986522739794,0.002786729443135638,33.75442870986041,31.59954116364997,0.15625
4906,54.06,4,0.4,0.6,0.19515150829796152,-158295.70755302045,-0.0026184918446278556,0.0023067104351937543,31.285458257034275,29.04995675916409,0.15625
4907,54.07,3,0.30000000000000004,0.7,0.6986189024215667,-158365.48312301628,-0.0026749663999112144,0.002470670427066667,31.607204815545625,28.308948432818877,0.15625
4908,54.08,3,0.30000000000000004,0.7,0.8458660064957083,-158398.47815983437,-0.002300032815452867,0.002998015480963675,29.238884164549326,31.87150307967479,0.15625
4909,54.09,4,0.4,0.6,0.4810971196373809,-158283.2886149859,-0.0024355477078031977,0.002765841674392073,32.003353969218644,28.565993596074716,0.15625
4910,54.1,4,0.4,0.6,0.9531790056202213,-158360.9734973569,-0.0027480778530875553,0.002437224751034027,35.67454335660973,26.269905035064713,0.15625
4911,54.11,4,0.4,0.6,0.5899614820552747,-158308.62078028286,-0.0025772550473659468,0.0026246012326888706,32.35288920872875,30.318942579986913,0.15625
4912,54.12,3,0.30000000000000004,0.7,0.24134301902588756,-158322.3577536575,-0.002514389924550025,0.0026372617832713455,30.215938448657877,28.502064289622975,0.15625
4913,54.13,3,0.30000000000000004,0.7,0.7622461052388974,-158237.33817034733,-0.0024110995413437145,0.0026323644688986307,30.835650629920906,30.299979985287443,0.15625
4914,54.14,3,0.30000000000000004,0.7,0.7427249307121128,-158461.0665664935,-0.0026033929834752053,0.002867829819768352,32.18877137511226,31.211446571813788,0.15625
4915,54.15,3,0.30000000000000004,0.7,0.6629359434650948,-158107.18005499672,-0.0024463409731429945,0.002722515441995872,32.37350261809811,31.14785097736628,0.15625
4916,54.16,3,0.30000000000000004,0.7,0.5242689592481177,-158407.61585991053,-0.0025729396968204193,0.0026245918988164856,33.65561935671352,28.201260144730835,0.15625
4917,54.17,2,0.2,0.8,0.2314894834469393,-158233.50223884563,-0.00270529051737589,0.002679038218439306,35.98420477697585,28.95231616501467,0.15625
4918,54.18,3,0.30000000000000004,0.7,0.011621823544928704,-158424.60615615075,-0.002363073721875465,0.002766892323406997,29.5071017763186,29.820185659124295,0.15625
4919,54.19,2,0.2,0.8,0.42152885339984136,-158279.15353882447,-0.002359351915460852,0.002348298538395853,31.95758430700707,29.15168104239666,0.15625
4920,54.2,2,0.2,0.8,0.9652501867666482,-158436.8406361071,-0.0027823227314303163,0.0026041560195699726,32.269905856792064,28.859141552821953,0.15625
4921,54.21,2,0.2,0.8,0.9993017985551963,-158353.78472398862,-0.002368511961715255,0.0028253686219351917,32.083611470176564,33.6530801394491,0.15625
4922,54.22,2,0.2,0.8,0.9979530973624884,-158327.68230896513,-0.0024530298874496444,0.0030940572964469654,29.906388168077356,34.49238600491433,0.15625
4923,54.23,2,0.2,0.8,0.9139929546081655,-158333.67160008335,-0.0026238916388409517,0.0023543594446580997,35.01555789020418,27.91566854777674,0.15625
4924,54.24,2,0.2,0.8,0.9624825595542894,-158348.65001275527,-0.0023416914076695417,0.0022904446943802044,31.01417045627767,26.836067501178015,0.15625
4925,54.25,2,0.2,0.8,0.5886498812743355,-158295.06160230588,-0.002528356759586343,0.0028790788707862038,31.56070851152834,30.413630257773747,0.15625
4926,54.26,2,0.2,0.8,0.9968328057234337,-158347.9877673173,-0.0023180775530567657,0.002894280739866857,30.1225954088105,33.81204312398317,0.15625
4927,54.27,2,0.2,0.8,0.8554171541210908,-158291.36188871402,-0.0027217370125850564,0.0025620431489937288,33.44735292139991,29.616497751257988,0.15625
4928,54.28,3,0.30000000000000004,0.7,0.004778415327124796,-158247.6077322629,-0.0027325029871441515,0.0027570053083390295,33.27161648197979,32.98197773376902,0.15625
4929,54.29,3,0.30000000000000004,0.7,0.703274731001097,-158407.23271729497,-0.0024862233236449096,0.002677092394340899,31.81013906268722,29.66455240027129,0.15625
4930,54.3,4,0.4,0.6,0.8976594827601238,-158303.4751779652,-0.002381548128217498,0.0026298431743622033,33.64230469630153,27.709760375811236,0.15625
4931,54.31,4,0.4,0.6,0.8014780380345524,-158337.3291617865,-0.002417659928202987,0.0026560909043831606,31.872899964406184,26.569610452022175,0.15625
4932,54.32,4,0.4,0.6,0.7953442460900187,-158340.8233147658,-0.002630506688177577,0.002570616814439191,33.91445146545894,28.412339817288466,0.15625
4933,54.33,4,0.4,0.6,0.855415267770251,-158387.6306117542,-0.0027173194649055257,0.0025275470304508716,31.64388545672188,29.673251411638034,0.15625
4934,54.34,3,0.30000000000000004,0.7,0.4757530348512616,-158425.8636218758,-0.0025551576075656403,0.0026674643098291563,31.871794409665096,32.30092333014062,0.15625
4935,54.35,3,0.30000000000000004,0.7,0.583220275917901,-158330.74135163045,-0.0023584654135840035,0.0029551490225495133,28.831644787535325,32.101021101308454,0.15625
4936,54.36,3,0.30000000000000004,0.7,0.6614656541353866,-158412.50429848096,-0.002357577221264967,0.0027153656446720874,29.45284859281381,30.142909162714183,0.15625
4937,54.37,3,0.30000000000000004,0.7,0.6299278521357403,-158222.08683564272,-0.0027718600361380727,0.0025915958813146475,34.31164140970885,28.634231461337002,0.15625
4938,54.38,3,0.30000000000000004,0.7,0.8137187538932505,-158386.27012382442,-0.0024490106411611994,0.0024629014759873684,30.80719389832806,26.97759941227761,0.15625
4939,54.39,3,0.30000000000000004,0.7,0.8010254011904908,-158278.63317778218,-0.0024614615927814176,0.0026848548460758964,31.800686875275083,29.36544935981874,0.15625
4940,54.4,3,0.30000000000000004,0.7,0.5332423423587873,-158401.1182606949,-0.0025936274754795245,0.0027760851925963427,33.2293724642905,31.47572510899028,0.15625
4941,54.41,3,0.30000000000000004,0.7,0.36136722500133217,-158288.83576906103,-0.0024979159766891235,0.0024085253132207626,33.81947113802326,29.116471555443205,0.15625
4942,54.42,4,0.4,0.6,0.15844674347563245,-158253.40198831423,-0.00264390539216177,0.0026370738161294533,32.46093963019039,27.82285414075589,0.15625
4943,54.43,3,0.30000000000000004,0.7,0.7243577044747594,-158378.67022595397,-0.0024523577361260512,0.00287613085190902,32.29092409517295,31.113126047650606,0.15625
4944,54.44,2,0.2,0.8,0.9396340390184704,-158458.80069603198,-0.0024693656737338264,0.002829427484982663,30.420421740965434,30.54004872613652,0.15625
4945,54.45,2,0.2,0.8,0.9865035472183252,-158456.7936872642,-0.0025935590882746333,0.0022868487317746406,33.251659188046816,27.3495028928411,0.15625
4946,54.46,2,0.2,0.8,0.9669449487687117,-158366.7078949973,-0.0023738535164951257,0.0026779722502976583,29.940456804983775,31.049025561539494,0.15625
4947,54.47,2,0.2,0.8,0.9989078247588555,-158402.9655598226,-0.0024463500138941076,0.0030073628648411748,30.908072872563984,33.04989278168944,0.15625
4948,54.48,2,0.2,0.8,0.9098766512295577,-158490.80107656072,-0.00235948858900729,0.002652634304209995,31.751635401299342,31.486425816723294,0.15625
4949,54.49,2,0.2,0.8,0.9935401247864925,-158415.78889443097,-0.002667938013138325,0.002674801261947298,33.26200457088017,30.40900641823518,0.15625
4950,54.5,2,0.2,0.8,0.9959684194946513,-158486.21511228077,-0.002618033562579396,0.0025692099127672284,32.83975009329293,30.621515712507755,0.15625
4951,54.51,2,0.2,0.8,0.9732057269222458,-158436.04489625743,-0.002477908938788438,0.002458841222733643,32.606838297823764,28.807349047400013,0.15625
4952,54.52,2,0.2,0.8,0.8022947665142406,-158305.45099095182,-0.002547595657820904,0.002679114933721303,34.82928539319216,29.902774862035685,0.15625
4953,54.53,2,0.2,0.8,0.9562279593246213,-158463.07356683948,-0.0025058547520569346,0.0030135071988417503,32.64139450734669,32.45450413421037,0.15625
4954,54.54,2,0.2,0.8,0.9946245394972589,-158461.40865899733,-0.0026174783045151387,0.002795999674747844,32.57193574458311,33.42871318275676,0.15625
4955,54.55,2,0.2,0.8,0.9885495795213322,-158413.06185368146,-0.0025700204881908893,0.002241039901296136,30.96725562287505,27.721974765133055,0.15625
4956,54.56,3,0.30000000000000004,0.7,0.3090902095187206,-158458.19945801652,-0.0022410650964471033,0.002626978832816877,28.380952968129538,31.25540338469714,0.15625
4957,54.57,2,0.2,0.8,0.4597934811715976,-158432.42240281092,-0.0022873672983717373,0.0029942739650799903,29.772311273746656,31.970957661627676,0.15625
4958,54.58,3,0.30000000000000004,0.7,0.2704600739167215,-158387.60812142884,-0.0025245702141636246,0.002944221315687067,32.67838507691297,31.792497090750494,0.15625
4959,54.59,3,0.30000000000000004,0.7,0.45808754255203626,-158458.67917190207,-0.0027600289220316974,0.00238250532444474,38.73787187991983,28.0494034220498,0.15625
4960,54.6,2,0.2,0.8,0.23408637398724272,-158397.89702907522,-0.002448678113905158,0.0025760761653146323,31.336212484097462,28.083052457739424,0.15625
4961,54.61,2,0.2,0.8,0.6375776193362482,-158455.12540796425,-0.002365507215530074,0.002778782303611475,31.766054215595524,32.53272980255564,0.15625
4962,54.62,3,0.30000000000000004,0.7,0.3751029426880546,-158397.29646507316,-0.002747094611987669,0.002662917293994446,31.559859350116756,29.09246700216449,0.15625
4963,54.63,4,0.4,0.6,0.1983458695866052,-158455.7622261712,-0.002655956171007284,0.0025551877571592554,32.641860597054716,29.589416673004344,0.15625
4964,54.64,3,0.30000000000000004,0.7,0.6870958287173238,-158469.25892291742,-0.002606939040451517,0.0029350733184329587,31.344301517785873,29.75871150771902,0.15625
4965,54.65,3,0.30000000000000004,0.7,0.35105972791459267,-158431.37186276188,-0.0023674901391912574,0.002882871807392382,32.51722791106319,32.671357999425766,0.15625
4966,54.66,4,0.4,0.6,0.7956276219862047,-158419.09281132751,-0.002483110793846923,0.002853428378639973,30.91025293874374,32.5128511165742,0.15625
4967,54.67,4,0.4,0.6,0.9482789334314139,-158378.55713883796,-0.002419033784307395,0.002721641331700826,27.68168491655395,32.97690998632902,0.15625
4968,54.68,4,0.4,0.6,0.9572062692683512,-158368.08022795772,-0.0023648272817661828,0.002728645806466032,25.13154626705846,30.03513572493293,0.15625
4969,54.69,3,0.30000000000000004,0.7,0.4180637402594045,-158366.0023767647,-0.002048568415271779,0.0029436222114773364,25.540344685228654,34.0723715969146,0.15625
4970,54.7,3,0.30000000000000004,0.7,0.6476101424912215,-158440.40499948186,-0.0023177303590604047,0.003027249674728537,30.324462467884523,34.27143495029276,0.15625
4971,54.71,2,0.2,0.8,0.16537883234048353,-158505.53280184013,-0.002718881081497554,0.0029841539750946984,32.42559585212863,34.019527711978704,0.15625
4972,54.72,2,0.2,0.8,0.7123652815383602,-158404.83731002407,-0.002559899563809095,0.0025799317317303666,30.78217024263659,30.26159314395199,0.15625
4973,54.73,3,0.30000000000000004,0.7,0.7867069262852248,-158480.88204154096,-0.0025229759999757543,0.0027668034915629166,29.562727850292916,33.04766572053349,0.15625
4974,54.74,4,0.4,0.6,0.21078787937545446,-158291.79967952933,-0.002374356492475397,0.002913595211831093,28.479552825565055,32.36705241892338,0.15625
4975,54.75,4,0.4,0.6,0.8113527417316606,-158434.70354255996,-0.002253435534657749,0.00295003387809348,27.90507977987107,33.06233403095032,0.15625
4976,54.76,4,0.4,0.6,0.3805595895833502,-158416.1211296369,-0.0024267657644850248,0.003064314356743018,28.44626455452699,34.17424959591154,0.15625
4977,54.77,4,0.4,0.6,0.5888981901810035,-158479.28763254845,-0.0024805022367457843,0.0026698818955057744,29.117708042155826,30.28131893174069,0.15625
4978,54.78,4,0.4,0.6,0.8788116248707354,-158388.59948726752,-0.0021605404221978547,0.0028787708248638752,26.859645707078325,34.37509159733682,0.15625
4979,54.79,3,0.30000000000000004,0.7,0.7259522088347373,-158377.6072323222,-0.0022564961798687776,0.003099753713457459,26.775601751833246,33.300348693641965,0.15625
4980,54.8,3,0.30000000000000004,0.7,0.5202916971586502,-158438.7359675162,-0.0025640772204983237,0.002535907385153381,32.555933077529794,30.723017842583562,0.15625
4981,54.81,3,0.30000000000000004,0.7,0.5757259611323149,-158432.5789151595,-0.0025734756609280774,0.002733925694938964,29.588878872265347,29.891037526591706,0.15625
4982,54.82,3,0.30000000000000004,0.7,0.8703378390791863,-158432.10000808415,-0.0023915224414298372,0.0030366865961678523,29.592736010221962,36.0760395634424,0.15625
4983,54.83,4,0.4,0.6,0.45335590710980866,-158411.58718077827,-0.0024692931091480686,0.002956650422413505,27.512063488166874,32.52032267157009,0.15625
4984,54.84,4,0.4,0.6,0.7241751292808031,-158441.0583574158,-0.0025211980223933286,0.0027235944762812494,28.62559881332397,31.437407008661054,0.15625
4985,54.85,4,0.4,0.6,0.6467826973161637,-158342.76396134164,-0.0022771806777637815,0.003006287869872372,25.02885712817869,33.565115210393856,0.15625
4986,54.86,3,0.30000000000000004,0.7,0.1505610824192432,-158476.77976175537,-0.002451581536829381,0.0029705322797848027,30.03354805525979,34.616886269075515,0.15625
4987,54.87,4,0.4,0.6,0.7179717929601976,-158413.8598313754,-0.0024945364143637828,0.002753610072475873,30.42135868412318,31.51403126625928,0.15625
4988,54.88,4,0.4,0.6,0.732156070938529,-158389.59312555776,-0.00234312839512007,0.0026292529749540224,29.977525089784148,27.874779493555174,0.15625
4989,54.89,4,0.4,0.6,0.9361279245060278,-158391.61507341271,-0.002292587742073742,0.0030264299115972584,26.998960616496163,31.692345493098653,0.15625
4990,54.9,4,0.4,0.6,0.1532263069367053,-158414.9052706681,-0.0023006113279354853,0.002828087230097796,29.164057031236702,33.06115203371069,0.15625
4991,54.91,4,0.4,0.6,0.6773227008520661,-158489.35730990145,-0.002426746777286646,0.002877539824427714,29.579416659922856,36.50634726340747,0.15625
4992,54.92,3,0.30000000000000004,0.7,0.7673226147449195,-158505.64705090655,-0.0027425879342019063,0.00297405051701437,29.918409376174605,33.464369937598576,0.15625
4993,54.93,4,0.4,0.6,0.7435267235868999,-158489.56848208743,-0.0023162577393614427,0.0026591756548131847,27.449473012227358,30.407653947696843,0.15625
4994,54.94,4,0.4,0.6,0.7758187360915276,-158351.51757248692,-0.0022420346057859847,0.0029702135390596873,25.74939494936169,30.880260575542575,0.15625
4995,54.95,4,0.4,0.6,0.5954197210750811,-158358.45658597388,-0.002470974477574076,0.0028855169792071592,30.301872913644416,31.57001292320317,0.15625
4996,54.96,3,0.30000000000000004,0.7,0.4727780990350968,-158535.4744470594,-0.0024940458841076424,0.002793695825462652,31.220340391942184,33.52384700036693,0.15625
4997,54.97,4,0.4,0.6,0.5228592240016017,-158431.07404731176,-0.002744987099222462,0.0030523142149618513,31.948782133190857,33.89613530667156,0.15625
4998,54.98,4,0.4,0.6,0.6568260410993011,-158575.86723573168,-0.002311924382484391,0.00285845371598762,27.6604899941639,33.23736019068139,0.15625
4999,54.99,4,0.4,0.6,0.343741906105314,-158383.21433859415,-0.002170822349864701,0.002701939463271989,26.2382926486288,30.87299643648836,0.15625
5000,55.0,2,0.2,0.8,0.415204118126775,-158528.79148570643,-0.00236345733679014,0.002854061618974664,27.15504910702508,32.640084846086815,0.15625
